100
95
69065738 58813461
89166884 96538149
55190568 98625068
58954284 69383726
64426553 80184896
94179401 92248665
62509146 90653276
53069410 28003432
51295855 12693103
34024047 74682994
40887410 93663862
36917878 96291450
45320829 15786626
91767952 12062353
66742437 67686063
44881584 63364792
98132154 86088894
59133632 17107650
80001740 61784789
53418198 42697958
33406700 68977901
80534259 81503988
52122872 25140993
48795909 58951943
99956487 28311822
72260378 57277218
22812965 43875110
26459943 52579626
40171314 23613751
11703115 47755597
72231247 62702419
95782749 11962209
31486818 10282856
22074218 77040498
10166134 25186167
62693240 53261691
59713406 64066943
20157314 79223683
95939465 66462609
17074578 11308952
36558746 62937504
40419745 50057635
40908196 50557867
78327730 87588787
44871617 12492738
28037068 17506764
97316812 62838223
37804512 50757601
79378407 55657970
15261693 52203518
58813461 51295855
50557867 53261691
68977901 25186167
50057635 66742437
52122872 72260378
15786626 55190568
42697958 55190568
80001740 48795909
17506764 26459943
59133632 11962209
94179401 53261691
42697958 58951943
50757601 62702419
53069410 72260378
25140993 96291450
15261693 20157314
44881584 10166134
93663862 62702419
50557867 10282856
11308952 53261691
51295855 98132154
58954284 98132154
69383726 48795909
79223683 17506764
67686063 87588787
50057635 17107650
22074218 25140993
47755597 81503988
25186167 40171314
62702419 79378407
64066943 79378407
78327730 90653276
55657970 34024047
40908196 62838223
44871617 25186167
17074578 89166884
62838223 81503988
44871617 36917878
95939465 43875110
28311822 91767952
36558746 52579626
80184896 74682994
99956487 66742437
22812965 64066943
62702419 52579626