1000
995
11794432 79890434
39847938 53035013
65767432 22923273
58411020 81211412
62210070 84674582
22640666 50487329
30552101 18532390
49446953 85153834
12308525 30644273
47790138 82286651
50352194 28876879
17266769 35190867
82143316 41132117
87765079 39419993
47450203 14753885
76777566 40118369
41007205 12726379
35100785 17264754
18851958 20248698
70234237 12574846
44923007 83097728
50780288 64534654
96235651 45332612
55853181 79388806
44118151 59930758
52349063 98486409
22677643 32432262
76669066 49502352
28928147 27519129
85543067 31072413
14977182 15669407
48818336 82059423
92930210 59949217
34775201 72030372
76357790 71876777
21098667 15511725
75092145 68313268
17924278 49551544
53584057 59334840
10735803 22198460
94593210 59887804
54274239 53446847
11888832 47714497
52852925 77897924
78794951 74383563
18819276 70795468
73945295 24312016
29759700 73883861
38588628 84859095
61638869 55118041
58765529 27384024
95828188 95893725
60010726 41945320
21401837 27015410
89207027 30142707
29247733 17459446
53070073 34085118
68659455 16322821
12978442 61708556
95953168 52347154
85631252 34574613
35215642 22153499
66378022 40118567
43127084 74512689
79364403 60938548
74623286 82880822
94654785 98914627
75417924 83339589
89358662 10359113
37071181 15282511
12362064 52814165
36585816 43841881
70555995 32536926
48800094 14362982
31572333 20396397
54020463 99731824
44865904 52820338
11506031 36473204
71354741 37251446
57115000 43479417
12239225 90247550
99621247 71389570
17645957 24449413
49777030 83773838
52877711 29032848
93571473 87998862
46158227 62732688
92684695 22999448
39817623 89760156
51390877 16038303
22444447 75887008
29579682 40438176
51325348 29712803
82448806 53842345
59300268 10369452
94474669 76018093
20036018 11612598
50137526 14428599
14039479 99793341
10539453 35606975
45208000 69368257
29735362 52210113
28064197 49369544
19202505 56992201
67729868 18655693
85588432 87468498
54790611 41857492
98410963 23079382
89856471 52967891
98370009 27124185
60008921 66193887
85055970 90876387
47880676 11110883
25903098 92522978
77519336 20939240
79727082 97217004
66007532 91743985
86020591 63580657
48787957 99916277
32502263 47360505
35979770 30718459
43158011 66796025
72655358 63492606
72448509 51491331
12147205 46950921
93944330 57997836
97430029 27507217
80833041 79415827
38324758 82190872
42547737 23722522
69147165 36790815
31306274 98427426
35463717 74570279
29379116 38818350
99713583 17930800
98615857 26976820
52060726 64905783
74119744 36368964
95445572 77982278
86088264 57635401
84087372 96068172
69882445 83915345
24433239 11891290
75123292 84613725
66003550 87151199
58634850 35697251
23315044 78129765
16595556 84697703
70081129 94749291
66050670 32422511
81568376 59794040
93383294 70929028
79151749 19245703
76946057 65800843
10007183 96436883
16091795 29866656
21539489 37806754
90800803 96764577
74164901 22368934
63117985 83929768
53529257 83987116
85496495 68471473
66261681 99490483
26235570 89668277
34187956 49758899
76180152 63124153
32819894 84798139
30646972 68207285
45525700 42732228
28525257 99197644
20613837 21256909
34644685 18629331
98695891 92488411
71768798 32705248
12980961 52908773
82977512 42500844
56574707 56525555
60658421 17988343
29893372 58725124
64514824 51845897
25926414 14187279
37325584 64559889
30012178 97315600
48362262 49113881
89668381 71052062
15743776 96942881
78865188 68182822
55954215 23616296
89203496 71914282
20108075 20181809
81486642 17754930
41376564 66218804
97440565 20298550
46402360 23425849
25439031 19839803
94112571 29137725
58331966 81419070
78308155 94999364
33028936 21115721
82504520 21816139
75273037 53975887
10079057 22621012
68795220 19485527
19419992 42416985
29780829 60605278
37288799 62108514
10548067 33592163
51403621 52949863
86723431 88253292
19964782 68414325
47303541 36576121
79201151 16876416
46338949 83102597
23243656 13460363
45693836 66956176
42836883 21797782
64785303 74840985
56144798 15143840
23821217 44372897
22909858 91120547
38269863 81238953
55485354 30145453
14973871 36295600
83585969 38626228
32553909 21330873
72795067 55425979
51375038 94659519
95523776 55124929
13315007 60486594
54344644 51907522
28443589 70319048
87157705 13841352
64412617 92703692
34440141 61133769
84478936 41753562
38847455 39902176
64078816 96111589
98061288 46359532
17474542 68701167
54692848 97106926
42703860 17331190
55796727 88873977
48110588 26637310
49171455 82306050
34948108 31116301
35357713 25009171
35302422 36127769
67200027 67339292
92515357 68889629
62684191 55022626
35992610 60570662
38997034 78392366
92730419 93826101
68121657 41366586
99591233 79397953
80489539 79230021
73477196 41991246
96549966 51283022
80190546 91274322
21075028 33244243
71390295 75457623
94164058 81402971
45315163 32181342
10296414 10542176
71826526 59874405
79762535 17265770
12086382 47717488
17192048 94639221
81243256 68033659
40535164 27208834
72809603 31466627
77458565 13679749
54817924 66636936
95806595 28460164
75093134 39998607
72141970 55930003
93883540 28890261
54789270 70608027
62833824 57285793
60511393 87973032
30026921 47748265
57783464 38343854
14073007 42407087
37952690 89705652
36965557 13173942
95509685 22342847
42915007 10538181
94147786 12647628
40756430 95311055
80207058 12747987
51297494 45380823
91456729 66872538
91870428 75652318
73802979 95589604
60083431 99996907
87282923 32564461
22660333 54336751
29033708 70956274
87721204 65199349
58879221 90264823
87422202 27034876
93377790 40916223
58078462 87985410
10904835 93220100
16143627 44365067
11744526 39562516
96402710 26696984
88861976 11513113
67306780 76801312
94612769 90922272
59905315 31296803
88419629 36805934
77776174 59221296
50820401 69350706
42044724 25390393
98841914 48790843
30240061 58051902
64017728 69219648
49491266 24071491
85243201 56667461
61902150 78794048
64302404 19578185
84292939 99847500
99663180 99464531
99116372 37072213
42896728 99964252
26922332 79625567
45956448 71167329
95663456 54201698
66899301 36724071
59397481 34420074
85087596 97770868
45978997 42562938
76637562 78941562
50922879 38960516
34561414 76105095
84084105 93754763
78036364 22113676
44828046 95606161
50560402 29814163
81542547 83738002
67911065 24673691
89705887 65512864
42714532 74284453
95970726 60374439
73129383 72693159
16412074 99607973
82392491 93052336
90099124 38360501
72074676 64630200
85870012 20565437
35956157 52387260
99509695 38694337
92151234 64810431
69236164 88950213
55008709 61353420
19985868 76332496
93414866 29787603
83807702 44357078
85042651 36771292
64632286 67110367
16014818 65492452
66104804 59690470
67978727 14831080
40310248 25114094
56808944 34119153
11654642 73971194
97545726 97723903
50906624 67513859
99552772 96001539
94791176 15549966
29957647 17661454
44676626 98819603
53517844 54855193
59622195 64417307
40191515 98338332
17362462 25839136
95354402 52295203
73219618 64468516
80088614 53630504
93492778 96546351
79928880 76492338
26641972 14767669
33252919 84465207
42251833 98381372
42538556 76232254
58273343 79765056
38688322 75742788
41358918 18611783
52745803 61640267
53319251 37992021
76648023 81485399
42749530 45147739
44895837 60464734
14011999 85392993
36118113 25294437
34829928 74831464
71595628 94805614
33052272 90697329
91291248 80580209
69766773 21007990
43517559 31090296
87441015 38741622
69901946 81794683
79709821 24980128
59145856 94068355
57163396 74636935
32685704 43968137
75865737 40404617
48701069 70030992
98905745 62701208
56555162 91448988
66360992 36329121
70434466 21987055
97601188 24516260
68400807 96896680
20952744 94449321
21604017 82230962
86197942 93894328
78399166 74591934
75849408 36148934
52403913 68644553
66684618 95192782
85427919 67585743
37148369 96857811
11810515 94222037
33404635 39114461
46624480 78005988
10424039 12023529
74106605 70856431
38184688 12943089
34600690 30416624
77793012 91201267
65631983 30590711
16209655 53612280
39757562 52107003
18212596 49858301
57145086 41860862
35735296 93452029
96874239 73817859
83480318 74065671
34244359 85024521
78800651 24678156
29449997 18687758
21235467 91014929
28958482 35499795
87109393 54183704
79615773 78147362
53430052 88928036
19842852 40615717
96202537 26060588
17471277 75994925
70219567 32476973
37130034 36931386
36079419 59795262
90296126 96980803
95614788 13993795
76863306 16811853
71509839 17360722
58525524 35643222
65075031 94746457
20543322 45533019
33206108 76195677
58109790 68994913
16424802 93648738
92696420 41125732
33042275 55336808
71989098 49174381
55267183 82073458
26834803 76679029
77651829 97654645
69181306 23170944
67493765 10983304
72814474 20047756
28770190 26316687
50034575 89606030
41488278 29099929
27651997 15462303
25511842 32206759
72329135 24403894
14536634 80779196
87893949 17436606
36898751 69588928
85424065 53223360
58419140 98926533
99370951 54292424
69746634 25061325
52189135 94629839
30466001 98242515
50315222 35549142
38189022 69713887
93519840 53454818
38395875 45217763
13588455 68507627
16242669 31559662
44681199 35796976
35833839 48797684
33542134 94885879
15054840 44914681
37046266 74315774
64017728 44357078
66007532 16595556
68659455 58765529
27208834 99621247
33028936 23315044
58525524 33542134
21539489 95970726
28876879 64417307
68400807 66007532
15054840 69746634
35549142 47748265
85042651 22198460
99621247 21987055
77897924 81243256
16242669 85588432
59145856 58078462
16322821 73971194
54855193 79615773
59930758 73129383
66003550 29579682
13993795 45693836
10904835 44681199
91291248 57635401
68182822 30240061
96001539 28064197
96942881 76180152
49502352 12943089
37071181 90876387
84674582 17264754
45380823 78129765
20036018 30142707
10542176 96436883
55796727 57635401
52403913 55796727
10542176 33404635
55118041 84465207
93519840 63124153
22640666 42500844
54183704 86088264
35956157 39419993
52820338 30145453
30644273 87893949
40756430 40310248
36790815 59905315
17754930 32685704
80779196 21797782
90247550 94805614
15511725 45208000
87282923 82448806
48818336 98242515
39419993 78036364
80088614 17360722
58411020 50487329
10983304 76357790
60658421 89203496
69368257 89668277
54790611 95828188
35100785 55124929
35992610 71509839
93052336 92684695
45956448 15511725
59874405 83480318
26316687 58273343
11612598 68182822
58725124 90247550
48787957 66193887
99731824 22444447
84478936 83915345
38997034 95953168
83807702 21075028
51403621 74106605
99607973 68033659
26922332 70956274
38360501 66378022
42547737 59334840
32181342 73971194
74383563 32685704
35992610 95509685
83929768 69746634
14039479 10548067
29379116 37806754
74636935 93383294
40310248 90697329
35992610 76180152
22342847 70555995
17360722 96001539
71914282 99916277
45332612 87109393
40404617 94639221
49858301 39998607
69181306 99663180
65800843 85024521
58634850 89760156
95970726 26637310
91456729 34775201
52347154 93052336
44865904 26641972
41132117 16595556
87151199 58525524
47714497 89203496
37288799 82306050
91201267 36771292
52877711 22444447
68795220 43517559
91448988 94112571
58078462 29099929
65075031 96857811
76232254 55022626
97545726 12647628
15549966 51845897
83339589 98061288
79615773 78794048
17474542 97430029
35979770 52295203
74570279 89705887
56574707 16014818
59221296 52967891
75417924 74315774
50034575 68659455
72141970 41945320
46402360 92151234
85153834 14831080
69181306 88873977
76232254 32536926
69901946 17436606
32206759 10359113
33244243 68659455
35606975 73219618
81419070 21816139
21098667 90264823
65512864 59221296
52210113 59334840
42251833 85588432
66360992 54274239
48787957 70608027
67306780 39562516
49113881 36118113
31306274 10542176
41125732 69181306
64630200 79615773
64905783 47360505
95893725 11794432
38997034 58879221
72814474 19842852
59795262 73129383
13315007 29449997
46338949 94068355
33052272 51325348
13588455 10424039
59622195 51403621
23616296 99964252
82306050 73802979
78794048 66872538
20939240 98695891
53446847 65199349
96068172 45332612
46158227 66261681
36931386 70319048
72814474 47714497
48787957 71826526
99116372 93944330
23425849 74831464
44357078 41366586
23821217 37072213
76777566 23315044
87468498 38960516
88950213 59794040
67978727 49502352
48701069 73945295
70234237 92730419
28525257 99552772
64785303 64017728
95970726 22660333
59622195 16242669
20298550 89606030
16595556 21330873
54789270 25439031
54817924 32685704
83102597 61640267
25439031 69236164
41358918 25903098
50487329 51325348
62684191 51845897
84798139 18611783
36931386 33028936
51283022 20543322
76357790 85243201
16876416 32819894
51283022 56555162
66193887 58525524
91201267 82392491
23425849 80833041
52210113 37071181
75273037 35697251
65199349 80489539
41376564 66796025
17362462 91014929
42732228 66193887
79727082 37148369
54789270 25839136
10079057 74512689
61353420 64559889
39114461 94805614
64630200 24403894
23821217 94746457
23425849 27015410
30466001 95445572
55796727 71167329
89705887 11513113
82190872 40615717
79397953 32422511
25839136 21797782
33244243 68701167
49369544 53517844
72448509 20298550
70434466 22368934
14977182 70956274
82448806 97430029
12747987 11888832
49858301 34644685
58273343 95828188
41488278 30145453
53584057 17930800
24312016 61708556
38360501 47790138
58419140 29893372
94068355 99847500
92696420 79928880
69746634 26976820
38343854 38360501
85243201 51375038
73883861 85024521
76180152 76679029
42562938 83738002
85588432 96546351
53517844 87109393
50487329 97601188
53454818 78941562
83915345 82504520
53454818 42251833
25903098 95970726
11888832 75652318
36965557 71052062
95828188 92515357
66360992 49858301
11110883 77982278
52189135 64417307
22923273 86197942
63117985 24449413
66872538 72814474
99591233 22153499
11891290 79397953
26235570 94612769
89606030 58109790
27507217 71595628
96202537 37071181
29893372 98615857
38960516 81486642
61133769 18212596
16811853 81243256
24071491 21115721
76946057 94885879
27124185 20047756
41376564 67110367
46402360 38847455
96980803 89207027
84674582 25903098
38818350 98905745
52877711 22368934
64534654 85055970
49491266 60938548
71826526 66007532
31466627 36898751
82504520 81486642
84465207 99793341
35833839 40404617
78800651 45315163
11654642 93414866
98819603 53319251
39998607 70219567
82073458 89856471
32181342 29449997
82073458 38184688
71989098 68659455
35215642 62108514
38269863 87985410
34187956 79625567
44365067 30416624
99591233 53430052
99490483 37148369
61708556 82448806
20565437 81486642
83738002 58725124
20543322 25903098
17266769 99663180
38343854 92703692
49174381 96980803
11110883 58273343
56525555 71167329
24449413 97106926
32476973 35357713
11612598 65199349
16412074 30466001
98615857 29033708
33592163 40191515
74591934 36576121
94885879 63580657
98410963 95311055
83339589 59795262
75865737 49777030
37148369 36965557
38688322 28443589
57163396 31116301
81238953 74831464
35796976 89207027
85427919 38343854
96874239 32181342
92930210 59145856
77897924 49491266
72809603 59949217
64905783 43517559
59795262 33252919
99847500 47303541
46950921 99607973
85087596 32819894
38694337 35463717
39902176 45533019
94746457 14767669
89668381 71390295
36473204 99996907
43479417 29957647
35697251 84465207
35302422 61353420
29735362 55425979
44372897 77651829
58634850 71390295
12726379 30718459
83987116 81402971
96111589 19202505
59905315 75887008
93383294 99731824
27384024 77982278
90296126 84084105
55336808 96980803
29099929 23616296
96764577 51390877
66360992 90800803
85243201 20108075
81794683 12147205
11891290 28928147
79727082 71389570
16091795 95663456
98905745 82286651
78036364 58078462
97723903 13993795
29866656 49171455
74512689 39902176
70219567 35302422
97654645 64302404
60010726 14831080
68414325 28770190
36329121 35735296
79397953 66218804
70081129 83915345
74119744 68313268
93571473 38269863
22923273 93826101
22153499 42915007
49113881 36368964
43158011 30590711
22153499 93648738
59221296 76018093
65631983 11810515
37952690 43127084
73219618 59949217
36329121 48790843
52210113 14011999
97315600 65631983
79727082 38741622
12362064 94164058
75093134 76105095
37072213 67729868
38688322 48797684
82880822 29866656
25511842 58411020
35463717 40310248
94222037 67493765
98914627 59334840
74623286 48362262
86197942 71876777
79709821 27519129
15143840 20396397
11513113 88253292
69713887 21401837
32432262 69147165
52349063 52107003
95589604 16209655
28890261 99996907
62701208 67513859
99713583 30552101
37251446 74591934
93894328 26060588
44923007 98819603
29247733 66104804
94654785 25390393
91120547 17264754
85024521 17265770
41945320 16143627
36790815 34085118
26696984 82977512
29247733 38395875
75092145 76648023
93377790 43841881
16091795 76669066
15462303 19202505
27651997 78005988
19985868 68507627
13679749 66899301
68207285 41358918
50137526 39562516
34119153 41857492
54292424 42703860
74119744 80190546
26060588 67200027
27034876 95354402
47360505 15462303
94068355 85496495
19419992 43517559
94164058 36118113
18819276 58411020
55853181 59397481
81211412 31572333
66796025 66956176
94593210 41007205
75123292 75849408
64468516 28958482
73477196 20396397
19245703 60605278
49551544 18532390
98914627 66684618
96111589 66104804
99996907 29247733
14011999 38588628
47450203 42044724
98695891 94147786
35549142 34574613
93648738 94449321
30026921 12574846
42703860 52814165
52107003 59300268
71768798 75123292
76669066 67911065
51907522 66899301
76801312 10369452
47717488 29957647
55853181 63492606
67306780 45217763
11506031 42714532
20248698 27034876
53035013 28890261
85424065 66104804
45217763 95354402
57145086 29814163
21256909 50560402
52060726 34420074
82230962 28460164
50560402 98486409
76332496 52908773
42416985 43479417
85543067 68795220
29780829 12086382
36585816 21256909
66104804 19985868
54336751 95606161
57285793 47360505
14428599 33206108
36805934 36724071
88419629 39562516
23243656 95806595
83097728 75994925
69766773 23243656
32705248 76195677
83097728 47360505
32502263 60464734
51325348 25926414
53223360 95806595
79151749 48800094
83585969 12726379
44923007 69350706
36585816 36295600
87157705 14973871
45147739 35979770
42407087 94593210
87985410 87973032
56992201 94999364