500
495
84504576 61030402
54779914 11477005
86153234 22448149
18180121 96108570
83855397 52985897
66246699 72667182
91111476 27603001
65736763 59035710
16472127 75305027
35549263 89417809
42754132 42469463
37924961 18485346
33914979 36450409
72792169 58646634
94615660 39768179
96735349 79448200
21788810 81125520
47745169 90501272
84369561 89802904
79077531 86689948
91824286 63494305
62029986 25911463
97523881 56627374
54991022 65056946
20719795 57049271
35950777 67244220
15599808 86091971
88778947 14229700
43694279 52070600
66791628 57387214
36399314 33007827
86544597 96393429
75772127 48910566
65534186 97808620
53037302 85895416
61413624 75143436
35932428 38531348
60182810 50966811
28846369 76366118
49201448 74909997
94474543 69030192
11225393 88287538
25803055 16132408
85131584 54348097
67236162 21950796
12917069 62665044
49260896 96715107
89618790 20373864
76943721 39012717
81963378 62984567
29194617 78150010
28012924 64133504
11958660 10336644
33538440 25995662
90208658 48308626
59146646 18958744
11135385 95562139
58882461 70904222
56463776 33233319
94292391 85189031
15888812 76919214
67963314 77564349
29438409 16710097
93034971 23486957
37186030 86745587
66404858 64758267
69196285 49502719
52568576 85555723
57717259 65010193
84806163 28088855
42293784 44167708
13949469 17265186
23089700 48335402
89666099 87380537
93995582 64713279
22354494 84374081
15624768 43371080
12548681 16806480
17187411 31253076
25985621 51651158
73706071 50504280
25743970 59800164
97077861 83509860
42977897 23970410
31394418 20075126
99441279 17058437
27212426 59964042
53643916 89281166
22616719 35914385
95605396 10068633
25694877 58561183
39129764 59853477
87296679 61209271
64660154 79487680
49769156 71178949
11758279 32406223
89590480 79348434
98937564 98521823
45380320 49265377
55818983 39992042
59867882 93342444
34194156 64897784
61158143 35953408
59966209 88875776
22604548 69804814
62679827 88912659
47459092 49167133
57848613 79739687
36717356 31812402
64750395 62395196
28320572 72690495
98327368 42429259
39152461 91679565
31069007 33094483
56791911 86590314
25125741 33989486
34679663 33235833
61490046 18623367
48894857 80567180
30086032 90665873
28431264 62946211
33117101 66014128
46005169 56593328
57156531 71631799
43944894 94536647
89988039 82848714
83334092 67501008
23376860 36422623
57039843 34089958
62544874 21787635
92333043 63261699
30850053 12090380
51274764 15911948
59347986 81165331
75275285 24540184
86821913 28521497
16999459 69581882
96672827 83577916
98528317 51094590
96214079 24632384
69887042 15848522
10663008 98307177
40504427 60445804
98774125 56378477
30252149 48856191
62323839 77333638
38634631 42607755
49360012 73499792
23200915 19993758
64791711 72780960
43193517 67849391
58459314 54908082
33590453 29230262
76915893 84174008
67628220 64046271
72271042 84298947
71111874 86602946
64797896 30788808
35523785 50263246
11470032 21574865
92855510 95984855
37786856 75085034
14249198 32656634
40348924 33273086
52655358 96451840
19852558 76467479
87774488 15695136
97994017 96812322
64236848 30012725
51078454 32245062
15174987 25001293
49628495 82910548
30018900 99571028
28908889 82408796
59678053 32599404
65486201 81548666
69924218 29625725
99810691 67831174
58877329 44879251
89755033 88399257
22449571 19420580
47275433 53673391
27553202 23166387
25531827 95833529
67235260 53517758
70940095 74206659
14290371 50226637
76492246 84631004
96574940 48412125
54169055 34393565
44850670 18337264
60663282 11783669
69864958 99472899
12668420 94981638
41637385 37676558
83840527 45452816
89230878 80963107
33762852 93881896
38403625 18777647
31655478 45264442
34035260 72691265
30211657 61894223
64888401 63891033
89261658 22478431
56561255 56954473
32560747 38987376
85263985 95301234
85395059 44689017
80057978 77327996
78061186 37121677
38426265 25853595
83609245 71734942
28053151 79122082
13864614 86023849
45059758 33363633
78802624 79214276
98045637 62836422
70735562 42419919
53925594 14188257
41594598 95987431
70385386 14917365
43376377 59340540
12025597 25272061
68032259 32900886
67458844 68665127
72034095 17465135
61284149 29747007
37965637 79972166
96280394 75171662
18329427 33820503
18753367 23134040
15445854 93640542
86929252 14669672
37429097 58867565
94582640 60012408
48674688 75902848
27881349 33044360
61247382 54396827
21172126 32937886
99710896 93683633
95414195 45813687
88399805 80822207
27791302 46813128
81469386 66256842
29196238 14352335
54951890 51912662
77260765 83505120
69636064 45137897
43425770 85762030
81819635 80603127
45813687 14352335
17465135 27212426
86544597 81819635
51078454 62395196
83577916 79739687
77333638 58561183
64046271 84504576
85555723 57039843
66256842 18337264
46813128 66404858
37121677 35549263
33094483 37429097
49265377 89230878
48308626 14188257
37676558 15599808
68665127 15848522
84806163 95605396
33044360 59678053
12668420 88912659
27212426 60182810
80963107 84174008
92333043 48308626
28012924 23376860
79972166 18958744
64758267 47275433
96393429 59340540
63891033 64660154
88912659 66246699
24632384 25531827
35953408 82910548
84369561 86023849
89666099 60182810
53925594 48674688
50966811 94615660
48674688 73706071
63891033 70735562
83609245 48412125
11477005 17265186
88912659 89618790
51651158 37965637
10068633 37186030
32245062 69030192
37429097 54951890
21574865 72690495
83577916 19420580
83505120 33363633
89988039 22354494
76943721 20373864
96735349 94615660
94536647 22604548
52985897 89230878
98327368 33273086
78802624 40504427
97808620 75275285
25985621 89261658
23134040 49260896
28846369 33117101
84298947 31812402
94582640 48894857
33007827 80603127
76467479 35523785
59966209 38987376
70940095 51912662
61247382 11958660
79739687 35953408
32900886 70385386
30850053 87774488
25853595 16999459
35953408 49502719
69887042 11470032
59035710 95987431
59035710 16806480
35950777 72792169
37676558 44689017
76915893 41637385
89988039 21787635
49201448 57039843
25803055 75143436
39768179 70904222
17265186 83334092
94474543 36399314
93881896 15911948
89230878 15445854
59800164 65056946
40348924 32656634
82848714 81963378
64791711 59347986
25125741 76492246
39129764 76919214
83609245 72690495
34089958 75305027
81548666 75772127
24540184 45380320
86745587 94615660
69804814 21787635
85895416 39768179
89590480 53643916
30018900 98774125
53037302 50263246
44689017 61284149
84374081 90665873
83840527 40504427
50966811 82408796
30086032 51078454
10068633 88778947
84806163 62984567
14229700 25001293
31394418 42754132
90501272 79077531
10336644 70904222
52070600 96280394
21788810 25853595
14188257 10336644
33538440 61284149
23376860 93342444
18623367 60445804
21574865 84374081
12917069 97077861
42293784 48335402
93881896 99571028
33235833 76492246
80567180 39992042
20075126 30086032
89666099 13949469
66404858 79077531
85395059 83509860
35950777 35549263
86929252 87380537
99441279 55818983
59347986 22478431
83505120 74909997
65010193 59678053
34089958 44879251
12090380 89230878
27603001 88287538
96451840 48910566
57049271 67849391
36450409 97994017
37924961 30252149
54348097 76366118
53673391 40348924
56378477 20719795
65534186 56954473
64133504 66014128
49260896 98774125
99710896 67244220
18180121 15695136
93640542 94292391
47745169 28521497
21172126 37676558
62946211 72691265
95833529 80057978
54169055 64133504
97077861 98307177
37676558 62323839
62029986 79214276
30211657 65486201
49201448 31253076
65736763 75171662
76492246 44850670
59678053 39152461
69636064 76915893
20719795 62836422
19993758 98327368
53517758 72667182
50966811 95562139
49201448 32656634
38403625 53673391
66404858 52070600
12917069 66246699
23089700 94582640
37965637 30252149
89618790 32900886
38531348 64133504
62323839 25125741
94981638 87296679
37965637 31253076
84504576 34679663
57717259 56791911
98774125 72691265
72667182 31655478
17058437 49167133
72271042 74206659
84369561 38634631
97077861 28846369
63891033 85762030
25272061 49769156
86023849 61413624
23166387 29194617
71111874 16132408
42469463 27603001
25743970 14352335
44167708 33914979
49201448 31069007
84369561 89590480
93683633 99571028
25272061 56627374
43371080 74909997
59800164 66791628
21950796 38403625
65486201 84298947
59035710 67963314
54908082 64888401
49502719 73499792
35953408 96214079
56463776 62836422
99710896 29194617
23089700 79739687
75085034 45380320
61490046 16999459
64660154 69924218
76919214 58867565
39152461 35549263
16132408 33762852
98937564 22449571
80057978 79487680
98774125 57156531
56378477 23970410
33044360 91824286
16710097 65010193
56593328 51274764
25911463 77327996
35953408 14290371
73499792 30788808
11758279 43694279
64897784 81125520
85263985 54991022
49167133 65056946
96108570 22448149
56593328 97523881
94582640 35914385
16710097 23486957
35950777 92855510
44167708 89755033
12548681 67831174
79122082 72271042
51094590 56378477
88399805 78061186
30012725 37965637
33820503 95984855
25272061 60663282
96108570 29230262
78150010 64713279
25803055 99472899
88875776 62946211