5000
4978
52985857 30769161
15532046 95125522
77987864 34570268
17661988 11829288
38567986 29327419
49643590 54329425
50921554 87785557
77627480 28278879
16744547 52625517
60457070 13434993
44367989 50167929
36503678 11337859
37257347 89260166
63209609 66977937
99942553 63635610
97976475 96469147
81428637 39747745
61964453 36339891
96993460 14581947
59277512 99352785
49217753 56131802
99451109 32276710
24871145 28410102
90964219 56852755
59146528 46661923
31228218 35881275
36602182 62619982
90505550 75563345
19169617 18579799
74482036 41615741
74613131 89850252
88408459 31818134
23396767 81363372
93913529 34931135
23757257 11698645
43778525 70582758
62882309 26051081
16908810 75366922
24347157 30048796
11960861 31490589
87032357 19464744
67371563 12911151
72254000 96305714
22381113 41255481
41321026 91619912
10715722 79495766
63275614 39682656
57410151 72811123
56656513 30442130
58622615 46072475
33948316 64258717
79299230 24740517
14680742 63111852
70681266 40403635
56623796 73204409
44532410 80708282
72745665 19694275
12157641 11010763
45810382 43483855
65831631 86737625
62718697 23102190
16515826 70255347
91226873 72024832
80577284 14484236
77300494 63701791
38798116 56689450
54297390 56001332
22446901 13206332
66782015 96666431
96338757 16483154
13271900 54100829
33260390 63865707
79823733 56034168
43352956 68617096
80642952 81232778
57017229 87720849
77923225 14517155
29131688 40010681
48530367 21562308
35423177 53085143
24740824 96961499
69403614 51446762
18547709 98862077
26838020 46564357
91456519 27165712
14255123 29066260
26280984 60621868
94536758 62358597
15107143 90997832
61441098 69436491
54625358 80020559
35488848 65078382
76285038 23561328
69567603 24642675
77661313 23233667
40699024 35390618
23790788 98501830
75957453 86607057
44401894 22545645
49218800 20382981
42730760 11142415
35718427 43517218
91981106 86345028
57967940 24315208
62850386 54265171
74548572 14255465
64685420 61015406
87885166 35816821
33457526 56690041
82019709 87393668
90080661 72320416
77923744 13567398
34538941 73663940
51152333 83920334
58197464 24839657
87459307 48956916
46695929 22185475
99124740 54822405
69305889 82282021
44467754 96142897
11241020 54265411
16942663 56985167
22382171 39421539
59508323 23758445
79857262 96994929
43124337 92112507
84510335 90801795
52070022 44402311
92046986 30312080
48629392 24610465
39388834 15697573
62195368 92210864
64784058 46794435
54560456 14681803
83789515 47318743
58525411 25167589
15238891 52168438
68978425 27002629
17827595 19597068
22185742 54167311
16320272 87230235
55314204 11274016
20547362 82151204
17106727 29165357
87492404 57411380
79529789 56756032
51349322 74057550
42010454 13469540
38307685 80185215
11274114 61704068
83527567 72845208
41125792 81627042
66226083 36341668
75696043 28182457
90408890 24676302
73500623 74811345
81659867 13697017
84084707 86476776
94898155 80152564
42928120 16123896
55543804 70879228
32770050 19499016
53610507 47646762
15665196 27559981
27330605 70289459
91293748 55478330
11372605 20842574
50006095 55019609
85198943 65046632
78088300 51578996
10553476 71829638
97486983 71403667
12814489 37652644
49940645 67799216
99223733 24643782
22743248 92768464
39291091 41158877
97061094 88967403
60033260 70224108
99387639 56887543
78481665 17828097
81725700 81299723
19368215 48826654
96930078 92342567
43551015 13240620
90573113 59836731
25626947 44370247
43944266 68880750
99125624 52627833
92375429 58919312
53250450 87263640
99584415 31263136
10357164 84216249
57903548 99977661
79759814 82872781
82774486 27101656
42306009 53283300
18811392 40176137
18680332 55413260
62327315 31361560
46402073 74811933
49220133 59214377
83200555 13306413
65702450 91294262
81529405 79268420
92211783 68029000
49777230 35818073
65636962 71633517
48564851 51350138
21662331 83298950
17304200 98994826
82250379 45058710
22547115 40110773
88443622 12094183
83069673 99191561
49711887 42994448
63310611 37128984
46271267 75270948
95456044 26938158
33360687 86248253
51022658 15240003
37653330 52890461
28478310 35457898
14191477 58231674
81890171 50498430
10062745 42535834
35982237 67931041
77728674 24447908
70618026 43060142
63245231 64752567
59804601 25267131
98765770 66063309
30510029 99912653
30870480 74714063
44829658 76581857
89721825 67800040
75303914 78547947
75238384 72944631
52595706 11406331
60066812 76024840
26872846 44010510
49974291 61672474
45419547 73993250
22449187 69733416
67144752 94309428
24415287 35359799
75631672 78220362
76975180 87133263
87985236 41159770
34016363 27954284
45976686 59837556
73206901 30182522
19827837 93228158
69012620 89984142
21335196 64031918
24513720 28314820
51154117 52169933
88575185 32509137
71404760 94440665
72387809 95325410
62196968 21990635
21236983 92146939
59641096 31853851
11963677 96931103
67570978 47418662
16518448 42765617
91032887 30477624
42175805 94276933
43421000 99716429
40340815 91327824
93293906 73993554
81169758 47811935
79990119 15175024
73829745 78482806
46927225 25169273
20155789 12717454
21630358 82840985
23563683 15207865
59018681 12881346
97652165 51056084
39685596 22056419
34672109 63770095
71503345 14585331
59706885 79924743
98340365 36933148
38538794 88804922
98274899 78810713
34901594 82841179
87985760 94146150
12553832 87068274
90902139 95194756
52301447 59510407
98537101 60296855
60952223 91197088
86216353 49876640
41914023 54103722
65113783 59084485
12127947 50171599
14880465 73928417
39849698 20319976
95424235 83791597
59281145 99913471
16125699 72191749
89427718 91328267
12553996 22220558
73731860 27463448
70684449 66293539
53841701 70881070
32902965 25694010
89001786 88772412
14257981 12390206
26644291 11636547
39063365 37261126
45682507 53841747
16191327 71241576
62951276 54300526
91819900 17239937
16289667 59412357
92082061 46469015
96636853 26742717
85823435 20254676
30969816 28217320
98897897 14651370
14421995 21368813
65769454 71962608
51613700 44503047
13111303 65507341
41586705 50073623
10227740 44503072
92999720 76976174
55939141 12587078
16617542 53153869
95195217 48762964
58986608 86446194
81694840 80023692
29790350 78418076
98275486 60854435
30478502 69996715
47780011 28348589
37097665 47321284
16552133 94769364
43782373 58429696
89362703 40145169
41947412 50204954
45420832 10391854
88609071 69275953
48337211 26546501
38211916 80646480
51286355 98799957
75305308 86446443
49353067 55284082
68260214 22843767
83333500 19042698
21238155 18289038
96309657 72487324
43323804 40145323
61608379 79696318
94441920 96375236
76255686 34673116
70128095 38474212
59445732 73339371
93426158 71340529
11571698 69833204
73470474 49058315
95064595 11407902
27005472 73699888
87593525 44569142
73405011 12849757
74322531 10490470
38408806 34673265
41914997 75207288
66425465 16323198
77206143 30151309
15569552 55218837
40342167 84316839
77304491 86217388
63017650 41947827
16585402 79762117
97686214 75436750
14684886 30118617
78680799 42767087
19927797 75862776
77140734 53842708
63607578 50631464
16782126 50631472
10752822 30544698
25498433 44700482
38441797 43455303
35427144 38376265
22680394 49681240
44766047 62329712
42865521 55219060
10359670 36868994
86152072 33198986
21336974 91722638
23008144 92148625
60625812 26579861
87561119 41358248
11539381 40014816
98309100 29430765
75928569 76616701
59708413 24876031
93525009 58561569
16749610 37590060
45716528 24613950
69604421 92247110
34444364 71767117
50664526 99390546
31724649 72848493
19666033 22615153
11179123 66524276
76616826 46011529
93197457 31102104
15897753 64066726
27628712 28742826
96900280 74486979
64722121 90084560
63968467 20419815
20681965 33887485
86611199 26252543
35689739 25826571
87954699 38868241
67376409 23860509
19272990 34837797
98407718 30709035
34968879 76485939
90281287 54728007
14030153 18978135
77174109 34575713
27071847 83170669
24810868 71734648
99554692 59643268
97916301 81008016
79173018 55874985
92673457 15275467
53417420 64198093
10851787 53712336
80385489 59971032
91592156 82908644
84088309 49223160
85235192 42407422
53876239 49157652
38114838 85038625
50501157 70948404
24155718 30840398
85104219 57120358
78681703 77076076
41424494 60855918
63772280 93034109
90052229 53909128
56268428 34150033
85464736 52565669
52467374 64001712
37459637 64526006
18880200 28513995
42014413 88839889
98309844 45946596
42964717 81794798
45127427 48830220
21763876 48797490
57448255 95098689
91526984 58496843
28645201 92739417
90085211 37623656
21403500 61347693
51156851 72652668
26253192 20813707
82745227 91658126
76453777 72587159
24975270 54597542
45029290 99686321
24680371 14194612
18159540 39524287
14915533 25434063
39983055 48863191
96278491 44472293
55810029 84056064
69212162 84121611
64886797 13703184
23730192 34773008
64296986 41818139
58234913 84449316
14948395 37525553
42506290 56793150
32348224 13473861
44079184 87529561
82155632 22845561
21764219 37853308
99686524 20977793
95983747 83499144
51845273 28252324
66689190 89462950
40212654 59316402
30873791 73504972
82843860 74553557
46110933 74094812
99031267 48470244
36509924 80910569
66099435 79075572
98310410 86513937
12163345 66525465
83859743 69671213
73210166 24254784
35854656 75045201
62724434 42801506
68983140 37689700
67803494 64002411
32348532 21404023
41064824 53746043
40769921 16095621
44177802 59152788
35854743 64231832
25041306 60168609
28350889 68164034
48077261 83237331
33036755 16652763
92314081 93854187
62036461 49846768
28940811 72948236
95754768 64920084
24353303 63445536
32545323 80419373
82057790 92445247
26024522 63674955
24320587 68164172
58923613 17275505
42670712 35396218
67279487 97196698
76094117 37198503
99195566 53910192
41884341 79862478
65018576 53910228
48995038 14260962
30710506 99883758
65608438 57350903
95427320 89987832
99949327 28875543
87726873 12524314
50174749 70392609
64527151 21568303
70130481 48798518
16882490 78584642
43981650 15670099
74554201 21437292
71048058 29498239
16849797 65018771
16685977 74324889
83893156 23305144
74554300 68492221
65772478 66886590
37657540 53484485
44407761 86088665
39885785 62200796
32873439 45325285
77798384 67771382
91528184 95558648
31792128 90545169
94051346 30579734
74751007 96902176
68164640 15834155
20356149 77831225
88448058 38313020
64822348 54598749
77569122 59448448
41229449 95591605
10132663 22027458
81009879 22846682
76520692 97787129
67476750 76553492
93068566 88808727
28679450 28613915
28581155 63249704
82124073 46603562
70688062 75930942
99654981 87104838
62987591 85925192
10001756 90873188
36511077 17341803
17046891 78978418
33627507 26254710
64593280 20913540
99687815 23043481
47783330 28450219
94281132 40541614
99458485 62266807
99556792 74259901
99392958 66362818
90021327 26222032
34971096 94182877
77372894 89202154
76750316 75308526
11050480 76619262
25828867 37133838
78224921 71114267
80289309 81337889
99360291 18292290
26975820 10231383
82812506 81043035
43064928 23600740
43490919 82681450
34479726 22355575
56794746 70393468
24190590 31399551
95035013 66789003
67051149 79830685
97722016 20520611
56991395 27008696
57777859 24682181
42475211 26222297
93691630 77307631
63971073 56073987
95952644 75243267
91660044 24813335
26418967 73473832
73506609 27533108
91168571 78946110
54501189 63119173
81436491 31432525
49028945 34742113
12427106 75997027
94609254 55582575
97525615 10624882
72654710 36413305
54042493 18816895
67215237 92479365
78454673 75636627
82616215 16621495
58466232 28876741
38969295 12525522
77373397 69148640
39919598 81403889
41492487 19111944
94806042 80814136
20815936 63184963
33300548 39821391
85303376 74915924
29794389 28188763
93364317 53321821
76521577 24748141
10625138 62693493
36315253 22061178
52011135 11968642
37986435 59875486
71966879 66429095
79208616 52830380
56402092 32022702
69312693 35168446
71573700 68788425
54304979 87597268
11378907 41754847
16195823 74424559
71737589 74096886
43000055 86024451
75145482 68329747
55124247 72458527
45228322 80159018
68297011 39461176
40608060 12263743
52240709 84812104
65577301 13508950
25698649 94576987
71868766 61448547
33988965 90481004
51421568 78094725
48439691 31957389
62366095 44966288
90251670 30384547
16654756 46309799
83141049 28451258
38117821 54796737
64201154 19440067
73703880 70853074
20226532 59154919
84025835 77865458
12329470 47129092
67576327 21832201
76521998 99525143
63054361 26354206
97657377 37331489
96969263 10166836
23405114 12001858
70263363 71967312
64397906 45752919
36282972 75113064
40247933 84091526
98017927 42312330
81863309 71836302
37233301 45556378
94184091 89498268
91202204 41198240
76391073 39297707
11903663 63087287
24683193 84943552
64234180 43623120
26190547 76128979
30057174 93496024
92644056 89367258
48505565 28451551
21209826 50406115
28746474 91726570
16229125 29631242
90907407 11445008
25764630 43819832
63546169 35889978
15442754 70951750
47915846 26125134
62497615 80749393
53125980 94708575
81437545 10789739
32023405 68559726
98673524 64037752
28255105 83043204
94151557 15672198
32449416 41591690
87040916 23503766
30253979 47948701
66462630 77964210
47424451 83895241
30024677 17245158
50635751 28287973
43656168 75080682
97166324 42116089
22422523 44311554
75310098 41985055
34481185 99623971
77079594 51618861
62727215 29008949
90219574 97821754
73540673 25338951
19506254 48178256
10789974 28124248
86516833 51192930
26059882 20522095
48374900 88450176
18785411 42968203
39724173 83731614
30254246 39232685
89793711 51127481
35497147 67052736
76555461 94217421
18851023 90711256
29304025 90973416
53912817 46212337
65578234 22914303
77931786 86484244
75703572 80979227
13804830 57845036
54240560 30221624
30745922 45131074
75244868 93496645
18818379 81798476
23307596 59909463
59385189 88581482
46114154 56141164
19375477 48309631
68330886 82748833
39134634 16065966
16754103 40445374
75539903 76195263
69412287 55616964
42870234 60335579
79373790 86681063
83731951 45164023
75802104 91694602
89859617 23701032
36283944 66168360
24978986 80684587
53585454 20489780
40609335 85927486
45426241 72623691
96511565 20981329
88548962 88090215
85042794 40445549
86222447 92644985
29927035 53847675
62170751 46966400
71378576 54830737
45491870 28288672
33826471 95102636
54601411 87926468
64497369 47687393
65185509 48572154
73443081 49391372
88254221 38315790
82421522 43329300
95233815 10069785
56731423 98674478
16557871 99231536
82585400 90384186
78554940 21014334
64857922 92645187
12756805 10823498
21407570 54372181
94840673 82650978
42248036 40839021
83175281 75310961
19572602 25569149
45328257 18491280
54634387 11970454
29206433 19277734
16918440 54994883
32221125 48670678
95332321 19703782
41920489 77801450
67086321 55388153
73017341 71411711
40675332 90908680
31041547 83372047
59451408 20326416
86648852 11708449
52996134 48900135
85764151 95856725
65316951 55912536
91334758 66496616
88549487 55519344
26028148 13346946
75212932 11905157
41822349 24127637
23505056 50178211
93366440 76130490
45295810 65841354
53291222 60008664
23898334 37988580
36251879 69314793
70461681 29305074
44312819 35825914
11610365 72263937
26192151 44509479
72919347 46213428
26880310 78915899
10201415 63613260
86714713 65907041
46082402 63777140
67348859 57518469
11020683 65907099
64006558 38545825
76130725 13380014
93956531 40315317
65874362 55781823
55454149 94087625
67578318 64498138
42609118 21113314
40511971 43821539
97954292 23931385
96807426 70068753
43199016 29141546
32746034 63253062
68627033 90417755
47721051 62401116
70658654 55552607
58534499 24062563
77081189 29534829
11119216 43494021
16460439 94153385
28289707 63023789
90254008 63417017
34974393 60435139
86452932 76982980
68856522 85175028
58895093 33368825
49031933 14920451
71412494 61745937
55028498 14461719
42806040 56503069
65678114 86354725
36449064 47721266
78555964 73247558
45001558 60631900
92744541 94972765
27077468 66497385
22358893 59190136
97889160 63318927
45493145 94579612
51882926 94645170
83930041 56175545
79539132 53193665
38775756 31927246
16231386 93203428
77736938 40152044
19999725 21769209
34122747 12659707
66661382 15019030
23112742 58403881
23997487 46967861
63777850 72789051
70921276 57289790
48278590 91040836
62762060 27307085
73083989 48966745
78031968 93039715
91925604 27012196
20065382 63843444
45558908 31534208
34745483 86158476
25439379 53062819
95333544 57158827
51784881 68136126
27733196 61844696
46017767 91237610
31075563 23997678
88911088 41856241
45362420 86781183
68627725 14527759
73116948 24522011
93367594 41004334
43986227 49687860
66104633 53751097
88845643 12365139
57060710 13413741
28978541 36220270
87633265 39824778
36777359 70659472
28126609 16919955
71937429 36056474
93236647 12889511
52866478 21638578
81505716 60534200
11152838 59682249
89697745 83275222
98807263 30584287
39497191 14659048
96284137 27241975
64531962 51654150
37596691 29404708
30158381 94187058
73838149 54472280
30879329 75542115
13512298 63811183
64990832 84651645
94744193 20721287
81374862 63385232
70856339 35991193
35565211 58961565
71773858 13119139
91532966 60763819
30715579 98774717
58339008 82947783
17084104 64073427
75673311 59944674
34352869 31993575
41103083 26881778
36024060 49688320
75673352 58339082
42512140 40808211
41168684 78786368
50147141 15019846
30846796 32124765
50212713 76623730
95629174 83799941
59486089 67678090
12005259 22294414
60338071 85110684
64303013 43626413
34746289 35663794
85438391 26914748
73510845 53030847
77377481 93990871
88354782 87928799
53489630 69775327
11186154 83603450
44052482 28946442
23474193 97103906
66498597 17838121
76853300 21508157
72462401 23736399
56897617 61288538
72921179 44413018
11448420 92287082
50802812 96284803
36483208 36319369
45035658 40448139
62828704 92319904
61288613 14758060
98840749 51228850
75837619 52441274
13676734 85668031
22065352 46280921
17019105 49262832
97104119 19542263
69906680 78917893
58667273 67350802
46149909 69677345
81473846 62763328
31273285 84193609
54735177 86094161
37007706 63418717
57913695 89076084
12956026 81670526
30683523 82030982
54243724 85438872
41660825 31175069
70627744 28062113
58798497 25702823
49492395 91926973
85733826 46117319
21082572 30552533
22688224 33173998
92123651 82883076
15708684 94712344
90092066 42709542
87863851 29438517
10465861 51229254
27931231 70529650
19149434 93106816
19837569 41300625
94057109 70202006
80065175 79508120
49361561 68432539
41366175 85996195
60240547 46150310
55915179 42644141
54932150 66597558
86094526 39760592
73216720 12759760
99562204 79508192
92648180 60928760
44249862 64303880
51032844 44086045
45691682 65385252
60109621 18723638
25670455 95728450
44151634 68924244
22885206 82490198
59618138 27931482
87569243 18330466
90944359 32584576
12235653 73773958
67089288 12006282
59421583 88716182
43332502 26424216
47526817 96187305
98972586 46052268
91567029 60732348
43463623 19084237
73741262 64304084
15741913 89109507
97694731 88192021
97334304 25015328
14169127 54539308
73937983 84259904
68334660 73053259
36484171 95401040
60896336 51065937
92648532 74691670
29963361 84751458
86881385 50246764
87143546 94090363
36385915 79508613
17872019 63616158
46576805 38319273
52835504 29471923
49132732 70399170
20755686 78492908
70268144 65582323
17478906 44184837
96384261 91010315
77182220 90846493
61125918 29013278
11547935 82916656
13317435 18724158
47297891 97334633
21640560 88683889
95958387 56833407
47428996 25736583
57881996 87569814
87733708 65058257
28915154 26162644
20329956 33797609
23574009 17413638
83080717 91534863
87832085 21083670
67319319 89503262
87668257 90388004
59651621 66401839
89732659 83506752
54179393 66893382
95499855 42251869
77608543 38712942
17905263 95270510
84620913 67122802
84850295 71153284
24983183 16201363
46904988 36583069
28423844 72234667
47560363 54867630
95925942 58537655
49067706 82884286
22951614 55490245
86619851 22427346
31405781 44283607
70989528 32159459
58275563 20690669
87439096 86324985
72070929 24852245
38516506 71481117
68695855 34354992
10729264 75151154
20494136 77084481
76003146 75413324
90257236 68269918
12957542 52868976
65058676 62306169
44251014 59815825
11581330 10237849
54409114 74889114
73971609 85309351
83179451 51591101
31668162 52803524
16791496 78886860
90421200 27965409
60340207 25999358
82360322 52934659
58112003 31569932
17446931 50575382
81508381 67614751
66959404 62863408
56047674 66009161
67942474 95434827
92354640 48281682
93337686 55883888
15775879 27539594
83572879 76953744
74201231 68466850
93305009 93305010
74954932 87898295
49330364 50641084
48117961 71907535
43923663 14989523
48249045 76822746
38877408 94877924
78395628 62994674
89471231 14989571
92125443 47069451
49363223 56801565
65747229 51624223
47528234 92289324
57915700 76036411
93272388 58734917
56965454 43137368
61028715 21281132
99629430 75643277
47397264 38975889
95926679 83147189
98548150 22198729
43203019 50051553
65190384 96254450
42383860 55654901
68008438 34978298
59685375 88652303
81607184 76855828
64862742 87407128
55097891 42842660
94976568 34454074
31308346 44841534
40254019 35437123
12958278 10893898
33634901 32258654
51395167 52378213
40974959 83540596
80296583 26983057
52443794 26589847
43924136 85244606
36059842 91011787
10795725 74431210
81083121 22330099
71809792 95927048
95599375 67418912
60767010 99924779
97172268 37305136
35470136 62438202
41597761 55524176
87636816 32750419
53164887 54934380
17808247 28523401
59095957 27605913
76168090 61848477
40188831 56867747
41171920 54016981
92617688 78167002
51919842 51854309
33536997 93600748
13024237 79936496
58997751 37895178
29768719 35863567
85802001 42744860
15449132 35994703
81673296 93305940
83115120 20364402
14236789 15809658
94911629 94256271
38288528 97107096
35208354 38780079
80526514 29146292
94059701 25803961
84458682 22592700
97893566 56999141
39337199 39369971
14433540 91405574
59850016 37272867
68500776 91569460
70761781 86293828
90029394 72170846
42384745 48217451
81378672 84622708
24984959 82787715
99401103 77086099
19348893 54115751
18398636 63651246
63225269 52673973
35438013 86490560
98418120 55197130
44187083 78822863
60767695 57130450
21937618 24460757
72629717 26754527
34291169 50478569
92814854 49200649
66633231 28589603
17546789 40943142
99204662 93077051
94125630 28032575
37338691 43990606
40287829 38190691
19414642 87572084
14401140 73186946
65257094 98745998
94092944 83508881
75415193 72957608
79019691 96288437
98811593 90357454
91209422 24100568
15023836 59129568
17940202 54214387
11321081 76267269
53165831 84262667
85081868 10960655
44351249 51298066
82984731 11452192
12566311 50511665
72564533 76627766
27770685 13057863
76267337 50347864
47693661 55459681
96976745 31768428
52707193 16793472
12664706 92323715
87768970 45105051
21151655 74989482
74727341 93798331
34095046 22101962
79052748 29147085
50642894 60047314
30162898 22921178
80494557 58179555
22462435 62865391
65880048 88719362
28819460 28622860
40452121 35405859
51658788 27803691
56541228 39239728
91209789 96059458
96616523 52838476
77709390 83542102
20299873 54968418
56574051 59457643
47792236 90751087
60342388 93470844
61948030 47071358
39927940 22921353
70860944 56770720
83017899 83738817
93700297 86884556
54116557 33013968
33997012 55165145
48152797 64864479
89800938 24559851
92848367 46448883
89112823 38158585
86130952 71713034
80298252 87966001
84590906 34292030
52117824 14074187
50544978 74760540
88850781 66732388
90882423 98779512
20758919 66896270
67682706 13156754
11944355 24199591
16236970 25608627
76825012 54182330
13976007 96715214
75317722 57819614
45236702 85541361
62996984 30818811
73777667 71188998
64471559 22528529
62636571 54739488
37929506 98255400
41042474 74662445
33079854 53297714
51790393 88490553
82854462 65880642
14336594 85508691
73155166 13812322
33800815 58507888
23478896 60605044
48054910 56148620
92816025 48415389
13124264 46875311
89211568 98026174
91472576 32883395
80724680 22102728
75743948 51397336
60834521 96060123
55427803 88163036
87900892 17711850
96846579 89146102
50086652 45204223
70370053 81183496
89572109 36979474
86688540 17089340
90194750 50479934
92029761 29606732
92554063 37012316
61293407 23970656
68698989 57721709
88687477 53298042
84886425 51987364
52446118 45433769
39535558 38159309
34554836 21054430
74761188 81904614
48088038 47137791
56968212 75711510
56476697 55493661
22135839 58410025
92062770 33309753
66896958 82363463
76399696 44811345
89212025 98911359
59851909 30229641
24790154 11945104
91702418 63456407
79283361 22693034
21775530 63063213
53691567 61588665
62964929 82265281
45171908 15451333
62473418 74433754
32720098 88622307
68502764 73516269
77972724 11158790
32490771 90785051
40879398 20202791
77088055 62145850
43468097 19973446
57132362 54936908
22889824 13649249
69584230 64669033
75220333 65881461
71189883 59262337
62145926 80102794
99632525 36947355
33441181 36685219
60147108 92784037
32196004 84690351
31475120 59065776
85312947 76006838
50480569 51791291
90949082 35767773
15779294 11290078
68175333 97895917
13649392 56804851
23610879 31802886
73254409 54347287
58115612 78300703
63129128 44975666
91571765 88819262
83707456 56051286
43763289 76400226
60049009 14337656
88000121 80201343
67880581 66274951
62211719 22005403
39470754 87738020
54773413 76564135
21776040 62670511
97765053 67389133
61720269 94553808
30295762 79840980
94258904 73647833
13813467 43927278
60770036 23480053
24594167 78628600
52381436 53298945
22988555 14829327
38520592 26068755
32753428 70403864
98354970 14534428
33965855 72992558
53987118 85018420
50022201 53364561
14010201 76007261
40683360 52774761
90294127 22366078
52512650 41174935
99895193 74893211
90261403 92522416
32720817 47630268
68143040 39700418
25511877 62474187
36554704 88426455
71485408 26789862
67454951 73156586
89114603 89933841
37079057 55887892
55625752 42879000
32229404 67946533
13846573 68765743
67749940 91146296
12208187 79874112
86362178 13355075
52185165 33278030
31180880 15747154
90523740 76073082
67487868 66111616
68995207 33966217
97962127 40028308
51628180 21317789
21776547 13551810
35899599 53725408
16992490 98126059
60508396 95439088
53725427 92129523
46287093 34228474
58738944 26986757
11913494 36751646
97962280 65325359
95897908 20072759
96815416 93997393
98683223 20433239
52283737 30624087
91933024 51366249
80169327 54446452
31279481 70240640
24824194 36096387
63949188 51956101
99043721 26331529
51661197 43731342
89606548 57919899
82430364 79874468
73386406 46942639
22890941 68143550
41896383 35899868
62933469 62114289
23972345 57657860
59132429 27183631
66832932 90458666
97274411 73615920
41503282 33999415
24300087 14993990
30100040 40684105
10177099 57100884
42682977 65129058
79284854 98388599
21678711 41372302
82168463 90229394
91900564 55593620
69421724 89115304
14109357 83348163
36915910 46549704
54774475 55167693
91114193 81251033
45992685 71027440
52349689 66669307
15452930 31214353
46582551 17124121
39176999 94751530
19221298 18139955
46320447 77384513
28068691 89738081
62999411 74369916
33540991 23677836
93670284 47303570
93735833 87772057
16567202 25938858
65129392 62737333
63753150 34098113
86789061 90426309
52120532 32525270
47598553 25447386
70568936 66505706
25349114 34163714
48516101 55757829
46615560 13814799
18271254 21089304
66931737 59427872
42060838 62737454
61656115 64310349
60378192 56577119
34753631 32623719
38980719 81939581
55463041 25054338
50842761 27184270
20860061 98684062
68078754 64670888
53300395 16338093
22629576 49007822
56577241 67751135
16796907 51694834
90426617 21023996
19287293 79056128
85839106 15715592
17222929 89541919
48876850 55692601
33115449 78761273
27446597 95898981
59788656 66637169
52546937 74632569
85904777 31640981
51039637 24432024
56184216 84921758
64474553 77974972
87084480 26299846
99077582 91311572
95407574 11980247
35474911 91868653
35704311 45010435
99962372 86724101
27446796 27053587
84037150 32722465
42683940 31673897
87281194 23547438
90000957 58543687
86625877 13848155
59526750 57069155
29118059 77811308
26463854 16305776
21581438 61329033
85413516 24759965
21679777 15126183
81546942 81088192
73518800 70045400
26398429 77778658
58674919 74141418
97013486 56545009
82333430 16109304
25579256 89968385
54906629 84922129
73649942 69521175
67882780 16863011
97046326 52350788
17092431 48648016
93638493 49467232
85839716 38653799
82136944 59559792
82497399 19550079
40816513 46092164
77287307 40554380
18403220 48451477
76664728 39276443
71454621 62738339
84266915 66637737
61984684 29314995
24629175 28594108
32264126 61001665
15585220 23252934
13619151 21024728
76074978 79253488
30527472 76304371
53465078 14274551
61263881 19517452
64704534 80465958
39669808 74534968
19812414 24727622
43569228 30953552
34787412 76763221
46714975 72798309
47435887 38523004
78205054 97079423
27938950 35508365
46977166 50417814
36950169 11489436
82006172 15618206
81973415 96686251
14700715 37998765
26792130 13521094
41210055 29315285
79384795 94327006
55169252 37376230
54972650 20828398
72536310 13390070
27742458 46747902
96784662 26759451
49369386 14700852
13193535 70340931
93540680 82006346
80793949 49467742
28463455 56611173
83906922 43078004
35213697 10703233
33247624 15094168
54088093 68964770
33280431 18764209
76730816 90001860
70177221 87970246
18731465 93966805
94261721 90460641
24728034 85971432
21418494 75190785
80761346 47043097
69816865 40358436
73060905 16306729
88166958 36917811
43536953 26989136
61723220 36131414
45470296 58446425
28299869 37540446
88920680 54055530
70013546 12997229
47731323 25219708
71881343 81187455
42848900 48747167
13488804 42357413
69391020 86954668
77025967 68604605
26301120 82203334
15880906 62509775
64475858 57299674
21517019 85578481
61821682 71029497
44880645 71422732
31707922 60412693
98652949 40686358
63034144 78074658
12407611 79680316
30233407 28365666
14603114 85644143
18961266 22401910
10965880 98784120
77976451 89412484
29971341 14046098
73978775 13161373
45994913 13030312
58905516 81417137
94327734 79483856
42292179 54285270
80171996 74503135
36066275 12932075
97375224 48944126
29348865 78238728
53761037 87643149
19715086 25711633
84366354 38622235
83055644 49239074
58053677 49894448
63329349 51369031
25842773 60544086
21189722 68342892
42554479 29480058
68965506 75945104
83481746 87381146
72766621 39802013
11031717 26006715
10048712 31675595
59561167 64181483
70505717 18371831
58643709 92034325
68146454 86562072
70079796 30070071
14538039 15193405
74110271 33871186
42849619 27415897
18928995 15226219
68736403 72209824
29185442 85382568
68244907 47797681
10114487 48846272
60085702 44586439
83383752 58054089
30594511 42554835
87053788 78271966
81483230 19977729
25515522 56874502
24991245 73946637
25318928 13293077
68965919 39245344
32101925 14439992
52188732 21288509
77387326 71128675
16307823 70211204
43505295 30660251
99538608 95803063
41539258 20633294
79419091 96491222
72701663 79255272
89609963 99604204
29153004 29873913
22796062 92264244
15980341 42784567
58840893 20764480
28202817 78698304
63821647 34494299
61888350 72537952
10639207 63330152
48748405 49272701
69031810 61462404
92231557 45799306
90920852 83941280
90920868 62838695
27285424 77354934
16930747 10344383
35313603 62904263
41375693 91117520
15914968 86398936
32135137 82991079
21059589 44062730
77879319 20731936
19847203 27645991
57694248 26990635
66148404 25647162
74471494 69752908
42489949 95377502
93444194 67491946
63887468 54876273
35772529 46389363
76175477 86268021
93870198 84465785
26925184 38492298
78895249 53926050
43047076 27973796
80926888 46160057
62052538 97016006
94689498 78698716
29612257 87283938
82630891 37017838
76437746 25876728
51009795 60152081
34035991 93575450
95869214 99735838
49994017 23386406
99899693 73161009
42228018 29350215
21846345 18798922
23320909 70834513
45537620 79518044
40360289 95115628
28334446 54843760
52550010 53205370
52124034 12016030
61823404 21846450
30595524 83548616
42490314 22370781
82205167 89381359
96688630 22895096
92887548 95410686
15227390 28203535
28006928 66738711
23714329 90069533
22829598 36985388
16898611 71391796
95705654 86661698
75061832 28465741
77847125 83810902
81844831 83122791
59857518 95836784
63003252 24271478
91347587 10508933
33380998 69327501
29612708 76110508
51862218 22600395
68999885 21224150
18701020 91151080
24042217 84040426
40196856 32660219
49339142 47864588
13261596 90004269
13425453 98130734
61266735 24206129
86039347 24173371
29612860 65362751
80567103 94002002
14015315 33938270
83745637 75094885
55204717 75160429
13622127 56515444
18897804 39902100
34200478 23157664
17914785 21617573
77093803 38460336
26336179 24304576
99310532 88464331
41442260 37641185
56744952 35544056
37313532 82107392
38657040 53959702
25943081 74800175
88661074 43801684
46390363 89906288
43768948 10280053
69131384 91446395
79158402 66673800
66804873 50617482
29940886 79682714
30596254 60906669
81648816 85351604
51535030 94723257
34593981 96066751
90528963 50748631
16145636 61693157
78339303 85023976
38493416 73456872
16080130 27122946
26041604 77520162
93707561 62250282
40623425 51174726
50289993 79879501
89808212 18341206
75423064 77061466
66706786 63429992
95575402 58482033
98393458 61463930
90398077 31382918
68345223 34594197
86138265 21749148
34463138 80469427
71785908 50257336
24731065 61955519
95739333 63200710
79879630 79093216
13491683 26664430
72998389 90332665
22666749 83385855
24043023 14933522
72015380 80666134
69590554 35479079
29613607 38329901
14868027 35446333
47930944 22077004
86957654 59629145
43408993 35479140
46554731 12803693
38035065 34561657
63102586 75521664
34102915 76570249
44097183 74505887
10313382 75161258
58187444 29449910
59563704 93937339
64380605 46096070
96788180 84238040
56909528 86793953
65724134 38493933
54157038 44883704
74440444 27975423
64315143 31219474
89612053 59629336
55435033 84959008
27549476 45375274
70180651 57040699
85614395 23879495
48881481 67100491
88072015 97181523
91578199 24436579
38199142 22044520
14770026 94461805
40689522 11493237
32989054 30072703
49864581 25681797
36069255 48652175
20144017 11001763
83255226 82272188
88334274 85286851
11657159 81878988
89251788 22208466
78241749 34037718
28172245 23748572
45768671 43638764
31612918 79978491
55173130 29777947
40329246 49438755
91873319 24076350
94199877 39215180
58974298 61562977
36986985 68083821
62447727 36495472
22503537 34824309
56582265 41476219
34857089 85680270
15622287 96395413
14049430 47898792
44130472 93544620
63824047 66543791
66183345 27549874
81027263 82272453
18047173 18440391
14508232 84828357
86892748 32432334
91578579 63234263
28565739 23322875
74801404 84992254
10412287 99737854
65233155 87449863
35676425 31580437
71229717 97673493
33120540 78143774
39903540 87777601
40460617 57762130
16802141 99017058
34496879 23650675
78766461 20275600
53928343 59302299
47210912 91021730
71492003 48030121
18964907 77619628
58810798 37380528
79716794 94659006
78995914 28598732
98197978 57467361
61235703 61268476
89645565 94691855
94790163 26403347
11133460 34562599
73163303 96264751
93413937 78045748
41083449 66150976
41640513 47669834
92267092 35447386
72442458 56386138
80634461 12575337
49111662 47145585
54059638 24142462
90006145 17556100
83452549 77750918
16605834 75326094
15327912 46129833
69001907 64578232
35578562 24863428
27648710 49439436
45736668 47145694
21226218 79291136
25944841 10248986
20734774 52388662
35316539 86795079
15065931 24175437
97575758 11199311
52323152 98526050
61793124 31908712
39150449 92169088
86991751 94561160
46162825 90760073
78799757 17163150
65594262 87024541
69854113 73786279
86303656 87090102
87712703 16901057
74933189 33579985
72836057 82240485
42656744 80602113
93676546 86533131
31056909 72803359
68772896 11363365
35185711 96429107
39871543 59860026
67331137 48358466
25257029 84272218
24732764 23913575
66511979 27944045
14804078 87385199
38757509 15066257
70083735 60187799
60581020 73524381
23291036 91186360
16540861 86959297
76735691 36693199
93807825 38921427
51307731 54551765
27845858 95806707
49079540 80995599
77587739 15885596
17982749 68969774
43836725 55567677
12903746 62350668
77587797 27649377
78603619 43836774
26240362 86533482
41870714 18507130
31286652 64349565
50226557 21521795
91022730 32793995
95151500 62973341
75031980 92104113
18113973 32564669
80995785 52225482
84600269 86926805
85747165 28370401
94758387 84305402
37840381 65693188
92300814 13952533
10872351 65824290
68249126 11986476
26175022 16148021
69264950 25847350
88696378 47769151
87156299 66479701
65758807 53306981
44459625 60089961
83879533 30664305
98133617 84108919
72705659 56747655
18146952 81028754
13297300 49374877
76015273 21063340
38233788 87779005
56354507 65169104
44426970 85419757
96167671 86173431
53929724 81323772
81389312 88827648
61171458 97904398
47572752 63039252
78046999 94922532
78538534 97806124
51963694 26502961
21260084 44525365
59205447 79914824
22767433 17622864
35841873 14378836
19949407 44459873
30664549 47802221
48260990 35809163
99182483 49342362
87811998 57960355
38102948 71591849
26011563 73557940
18999240 83683274
43313102 93317072
69527506 16672723
55896021 75818966
10151904 89909218
13264877 12904431
29911024 54945779
90171392 94726157
97413145 32008226
57042982 43968561
30140480 63629385
89974860 93055055
90794065 19490900
67168347 75753579
84994164 17426564
11069578 51636367
59402388 88369304
29190298 83912869
87451818 38922423
48752824 50358461
93579466 16050385
10545371 52750556
15755491 22014195
18802945 13363460
92432657 73689362
17918240 43018531
94333221 99051814
87517485 66251053
68315440 55273776
12249394 41773365
79980862 16345415
88533323 17459533
68806994 35154260
53668186 62581093
25586021 51571071
81881472 77523329
57010561 63924609
13068684 10676624
29223315 65137051
10578332 56945054
50031007 99019173
84666792 56125866
58419630 18573745
62515640 84273603
80996806 58354133
92301789 81684957
27847145 64023042
82995716 22440462
61041170 67856916
55503380 44329498
67529252 63466022
70707752 93383210
63957548 81914418
93153854 17918535
39053896 95087179
36006476 10283604
54094424 90106462
84666976 69823081
38365805 77949559
16214649 44460668
20966014 79751807
11037316 60844691
81554078 47999648
76638883 66677412
86534820 78998191
27290296 60418757
68676304 64056036
22309604 92203761
19393273 35973882
59665156 72379147
81816333 19229459
40626966 65465116
66513698 48425770
66710344 83422025
22244171 81685326
81292122 96824158
61565804 58551149
56748919 16345979
67693445 57109388
97610644 43412373
12741532 51932074
54061995 76278699
29027245 65465266
39381941 33942454
73165756 99740614
85814223 65465299
89811924 22637526
12446680 59173851
57830384 37350387
12348403 94563324
23849983 10906627
43379717 91155467
68414478 36695054
69200919 68971567
39676978 72051767
53570622 60058723
62712931 20245604
23719019 43740272
98692211 39840884
21556351 69692549
71298182 93219981
32861326 70642832
60058773 26438808
32369819 58846372
70216891 89517255
50490568 63139025
37088466 40266966
58453211 83258589
91679977 99609844
19885305 97512704
13397248 88141058
68578565 22965510
44100873 90959113
82144529 51244306
83422488 72740124
52686114 79719728
38726969 80702785
19066186 29257047
44625243 14937436
60288353 22080867
84438384 26111347
17001846 65006971
36760959 63008153
60779929 47934899
51965365 84176315
94727612 58584517
32599522 32730611
15035895 22244884
65302046 99053092
62451240 80899625
63401520 95415882
83816024 71822950
59305574 11464296
18869874 48492152
54685319 76148367
30371477 58519190
59338392 38104731
62975659 12971707
78474945 57962180
96956100 71003847
27520711 33353433
43380447 43282162
87453429 59928313
30830338 27291396
71626511 67497747
81391379 97644319
56913703 98791225
41217853 70905668
10121044 17624933
39841669 76279688
38301582 15036310
44658586 93384608
14446516 50819005
41709508 27258832
86765523 70381527
94826485 65171452
26472445 31649791
97185792 48361472
96858111 36466693
40136719 68415509
80277525 32567328
75132962 55013427
57012277 54456382
95907906 89747531
64614493 37908579
56815733 27422843
72249478 85946506
72937624 53702809
11694234 24080551
98758825 93548720
97743026 56684722
34205876 16969910
72675510 39383226
99250385 44331231
36401398 68251906
57798915 57012485
87814406 75133190
30830876 44200220
11727136 10547489
80343339 67301680
18772278 56062275
95646022 32469319
41414983 70611279
80507223 90337627
74936667 92762462
63172963 42168676
38367589 22835560
32338285 96203121
76902783 37876097
70906242 90370435
25457029 29716885
92926368 23097770
45117868 67465656
72806841 47051207
12808651 23851489
83227125 65335801
24080890 51245574
31945231 65860116
91681300 93057559
48198169 51638824
31978033 96825919
12415555 51278409
19296872 88601217
59372163 86110863
54588057 72184476
50623139 40759974
46953140 36467389
90600130 85979846
73888459 59306705
39121625 96891619
37319396 55079654
75231975 13660910
77230831 95187708
88011525 43512584
23294729 20345615
94237474 45380390
61207339 38630195
91485001 14644052
13857629 31683423
31552352 97547108
98202476 60257140
45118334 10679170
66155398 64549767
87585671 64549766
55505809 28177298
93025174 84112285
62387101 65467295
58946463 58291106
97416101 43479974
48264120 35943353
79066042 40399806
50951105 91911106
68481988 39973837
76608463 57832402
14021597 52392945
40760308 22017031
16315403 22836238
41776148 55866412
22017069 87946292
20345916 35189826
71169091 56226888
55669841 81228902
10482794 47019120
93942904 80934011
59405436 50459790
38007955 99644575
83129503 16413857
69334184 97023146
53376182 64222405
58258630 40006860
46101719 13825244
12809437 25097446
47150310 72643823
53114104 20575491
26309939 10548532
91256118 16217402
28505403 85783872
81229121 50885966
96367958 96236891
66778465 10515809
46626158 12776816
13759858 92468613
92927388 55932332
89486766 45807022
51082672 93156790
21198287 22803919
48559569 81524180
32470492 98137564
87750111 27325922
54425064 29128172
38598129 41940472
32798202 24802817
83064323 36140555
82474528 22935076
75167271 59110977
84702800 24016474
65140331 87258739
26539643 27358846
64288395 16873120
17397417 21657258
14907052 47969971
52426424 79623868
46560957 51934911
50362069 47609560
11237082 69236448
78542564 29587178
23623405 70940402
66680569 34567951
46593808 18183972
13924132 90961702
54490921 82147115
77920046 21755715
94074700 91420504
30504794 43448161
31061873 19625842
44726133 35682176
40073106 90929054
64812959 86669217
58259364 62617527
82999226 99809235
45742041 97744867
51214314 61110252
45742070 67893243
97974269 26146813
14481407 96106497
91125768 29882387
55179294 46299172
82966572 66091055
67565616 39745593
77789244 21592128
89946183 96303175
42924106 41678923
87685196 22739022
58980436 98990166
13138009 16349283
66320492 67369070
64485493 82802808
22509688 15431807
34371713 71891077
87521419 40433808
58128548 71137451
23918767 12613813
10188988 99219648
12122336 69630212
51312903 76708111
84179219 51575068
38959396 75921706
79231276 20511021
10451246 38861111
47413571 84408653
98236761 46856543
54884714 34896234
49805679 33257845
93518198 63175032
61766016 42236295
26671496 52033945
65010074 93649313
41548195 12482983
48527784 89160116
57997749 51640762
56031679 23722433
40925635 86047181
60455378 43776467
21166552 94829019
55015918 59177455
25524718 54819320
58587643 12679682
21133830 59996679
81197581 54458911
78608938 90503724
52984366 22903343
86243886 16415281
63109678 30112316
61078078 91978312
15497803 59079250
70056531 64256601
52492889 22936155
71432796 43285109
30571132 55736958
13302406 57244303
46693018 53869223
96402096 41024184
64453312 83622595
79788749 53738198
45644505 19135200
16022243 58882788
53508864 74349312
99089166 48167694
91257618 54655762
17791769 17038106
68090654 36567848
46267186 29260595
18610995 71203642
27196218 28048198
23919437 25164622
98270033 47283036
88701806 65665919
94403465 18938765
62684046 77265807
12647333 29948837
63437737 32603066
48921539 31357904
27720658 71334871
23886827 96861164
51510271 36338698
37583884 86277133
39386128 95550486
60029977 98925608
66255924 26934325
82017341 50658366
16972868 27032651
69106764 52591692
69696598 29817945
87063656 31292530
20774005 71564407
79035513 91946106
40664191 61242500
51444875 47414417
90504349 76807326
85621931 90340524
71761075 10976439
77495483 35716284
21658814 93027521
91389145 52428000
77200610 32242919
69401836 71761133
94305545 68287757
94928150 11304225
93486385 78708026
73563454 56458571
90471764 41319782
39779686 53443946
54984051 50363767
12942713 10747262
83688831 78118297
14056862 23330210
74186153 28147118
56065455 95583665
45907386 98827709
44727755 83000782
14220759 78511578
65666526 59112929
13860331 61111790
88047086 95518191
86179311 98762228
18808318 10944000
14876161 16907779
29752842 44662306
28048932 91323944
48856626 43056694
97910327 68812350
78839359 29720135
57835088 33717842
71958101 28147289
74055259 13237853
74907236 24870506
77004395 70024824
52493953 92470923
44662411 55017102
50921112 88506013
80477857 61439650
58916521 61341353
28180140 21528237
52592313 15171292
62783210 60522222
65896175 19005168
86146811 95813393
60882707 72646433
68026145 56852266
67698498 39878468
10649422 67665750
70745944 51576664
53739362 24248167
27950953 20217715
51412853 43188109
13041549 11304846
93192093 85852062
31162270 64847776
54394785 35684275
24346566 31293389
56000464 83754964
29196245 91389912
87261144 53018611
35127284 32899060
85229561 61407227
11186154 63635610
16918440 75862776
91328267 19517452
67497747 62865391
44880645 89541919
74055259 93039715
16908810 58519190
62200796 95599375
55493661 10482794
15126183 57411380
29720135 81437545
47297891 95927048
68502764 72387809
13397248 95233815
12553832 49681240
93496645 90873188
55124247 27053587
42656744 12482983
94276933 23677836
42175805 29190298
34593981 72845208
56756032 91726570
95925942 57299674
26068755 55915179
94125630 34978298
69391020 73053259
78238728 90004269
94182877 95898981
68164640 37540446
32883395 18811392
48281682 95952644
28946442 60340207
21063340 16567202
83115120 98236761
11963677 41229449
43512584 28048198
21054430 70879228
99924779 52428000
51694834 79840980
19837569 94199877
14517155 19414642
87032357 44079184
79759814 76608463
29777947 47864588
13206332 47598553
55179294 50204954
98862077 20202791
34102915 56402092
96891619 36950169
49643590 38307685
35718427 81973415
56354507 13619151
71003847 31534208
89946183 37088466
16567202 16901057
81694840 24984959
12365139 96815416
50575382 56945054
78839359 14989523
52492889 99019173
11142415 72919347
73470474 61888350
67369070 81436491
55284082 83122791
48374900 89811924
89160116 83622595
54655762 92034325
91226873 97061094
12904431 79508613
76664728 80979227
56684722 86152072
43517218 27307085
91900564 21288509
96060123 10893898
94440665 20382981
94074700 77931786
98388599 28513995
90600130 49272701
28581155 72249478
52866478 30221624
34837797 24740517
83912869 59262337
29768719 94146150
99219648 49687860
66677412 43763289
56897617 56268428
86138265 86345028
87898295 43463623
56577241 93219981
79373790 16552133
47418662 30510029
32242919 72051767
68175333 66886590
22358893 94877924
30384547 59629145
99623971 96715214
66597558 61844696
77004395 25167589
28746474 28299869
97196698 74761188
71829638 24347157
35818073 57467361
79231276 66429095
70013546 40073106
72191749 61448547
83906922 39063365
83422488 45010435
43740272 65860116
23386406 64296986
40212654 24346566
40839021 74186153
54819320 48198169
24759965 83237331
26938158 21630358
11031717 36096387
35889978 21151655
61723220 91237610
85814223 22027458
70906242 62196968
53297714 11363365
79208616 87966001
26990635 46603562
54634387 76437746
67882780 47731323
10639207 43536953
54016981 63063213
59706885 98133617
84088309 66111616
55017102 20072759
95907906 23736399
36915910 41615741
44662411 86324985
42767087 47969971
29146292 56175545
61821682 96976745
37257347 24991245
46794435 70688062
98130734 39849698
64073427 66782015
67946533 49876640
94151557 52350788
54088093 87385199
89850252 86688540
95439088 36466693
68260214 87636816
35446333 80684587
30830338 44460668
30873791 21404023
62387101 63385232
39919598 92046986
38329901 78547947
76763221 52381436
19542263 40329246
65385252 56545009
89462950 42506290
59928313 37079057
73216720 53959702
54372181 86446194
70856339 93700297
56968212 13297300
73777667 79719728
86688540 71404760
86277133 10001756
28523401 88254221
26006715 10227740
97974269 41818139
18723638 60342388
51882926 42512140
25041306 57040699
23294729 65831631
91681300 59079250
30072703 52493953
78074658 64001712
87636816 26398429
49805679 28032575
97547108 79495766
20977793 82124073
93540680 51421568
87779005 76982980
51624223 51397336
48470244 40212654
94645170 53153869
67319319 44413018
96636853 28565739
22890941 10752822
23505056 77847125
99017058 82916656
45742070 46320447
46011529 15094168
68345223 29449910
85839106 99609844
30953552 25511877
40136719 13660910
90929054 10906627
28581155 93077051
65058676 48439691
89793711 23790788
34901594 93470844
16918440 46549704
28299869 11903663
25626947 95102636
32545323 84238040
66255924 24100568
65169104 72170846
68604605 86681063
39535558 90171392
13649392 94645170
13380014 30527472
49330364 50842761
13649249 52301447
22528529 64886797
81607184 13346946
41586705 53929724
92554063 89946183
50358461 68415509
81694840 63200710
41024184 45976686
67144752 34742113
77520162 24175437
82947783 44459625
83893156 39215180
87777601 13413741
34896234 84921758
83422025 97016006
86398936 40196856
81251033 81914418
64304084 27183631
54539308 65190384
63318927 54906629
69521175 68342892
22401910 81251033
47721266 24155718
95270510 71422732
70989528 57913695
95558648 75160429
18928995 95377502
96688630 25015328
64380605 88609071
15665196 31675595
80277525 53164887
34352869 50362069
51307731 44532410
36583069 80159018
92125443 43536953
29430765 77174109
46402073 33380998
92301789 47609560
91011787 37840381
21521795 90760073
62975659 86152072
21775530 90080661
17084104 47145694
75837619 23860509
59508323 33013968
75423064 14920451
15107143 76975180
20319976 66677412
93700297 85621931
58798497 75190785
50511665 51576664
45810382 74801404
14907052 70211204
79539132 98537101
57798915 83791597
48863191 75423064
82841179 11133460
92354640 82282021
70681266 67698498
87090102 51845273
66009161 89968385
47413571 62145850
16749610 33079854
27196218 69200919
97694731 23043481
51298066 28062113
76128979 46287093
64578232 42806040
46287093 18701020
46747902 61441098
92999720 82151204
72705659 15227390
72536310 43990606
68083821 74186153
84702800 52625517
99401103 82497399
90000957 59788656
61462404 44283607
57881996 76825012
85023976 66111616
84259904 71128675
46603562 62994674
95415882 73786279
45164023 68029000
21368813 71048058
20755686 44829658
98911359 79384795
56141164 96059458
13302406 95754768
83298950 56852755
11657159 92554063
45118334 40943142
51571071 60089961
98354970 56897617
73689362 99352785
95583665 55543804
84238040 85508691
72623691 69906680
41198240 69106764
46267186 62509775
26424216 84600269
26028148 78766461
57777859 89793711
61263881 62366095
47297891 16672723
76763221 97974269
69275953 75696043
22198729 65302046
25681797 91186360
73993554 77627480
14989523 42968203
29587178 58054089
13488804 52349689
44402311 11448420
11158790 16919955
86648852 94691855
17275505 24100568
22185742 51919842
70905668 50406115
64001712 23330210
44966288 41870714
85814223 34463138
49864581 17827595
39245344 26438808
30745922 43137368
52493953 94744193
69752908 72387809
62718697 14659048
16552133 60767010
10280053 61263881
67350802 23701032
35881275 38307685
73829745 51192930
79373790 65693188
73937983 56833407
26253192 85309351
47969971 95646022
98309844 51298066
46794435 42489949
35213697 52996134
63401520 37853308
14194612 95377502
67698498 51919842
16918440 62670511
31768428 39983055
51934911 74486979
34200478 94758387
52830380 34745483
59851909 72848493
24080551 55939141
94182877 87832085
54425064 63429992
10357164 86490560
84259904 90337627
37525553 44312819
30504794 24839657
77801450 38657040
58561569 48492152
88609071 40360289
44283607 85946506
43638764 62474187
16095621 85979846
93870198 32348532
27053587 11152838
86024451 22846682
77709390 52627833
11237082 66597558
53085143 59708413
32793995 42801506
76175477 97743026
83895241 44586439
29777947 19542263
73518800 59682249
88967403 77569122
24513720 23396767
68143550 18440391
57109388 59996679
53926050 50631464
58946463 66255924
57120358 91389912
90426309 17089340
54773413 97962280
64593280 70263363
24353303 31399551
66091055 23330210
77972724 43821539
79495766 17556100
14581947 59561167
54819320 42383860
27770685 56268428
24016474 25515522
43124337 53306981
81648816 36096387
86607057 32470492
44662306 45537620
18724158 38798116
70393468 41300625
11571698 86957654
53876239 18403220
29882387 13952533
30233407 77174109
94187058 78786368
44100873 62693493
13380014 48470244
31707922 29752842
17304200 39176999
71412494 12997229
20774005 93854187
80634461 42535834
53489630 64526006
87569243 94057109
51862218 77372894
36509924 11694234
40014816 90084560
12717454 27803691
56852266 59837556
77079594 72387809
20364402 84366354
30312080 93956531
76664728 44184837
34538941 84751458
76399696 29613607
23097770 94261721
41158877 34095046
13161373 62250282
43380447 43801684
80910569 28334446
45419547 85839106
90001860 95898981
41210055 55593620
52866478 89486766
52124034 71003847
61672474 72811123
51022658 52830380
35809163 99562204
59804601 20860061
91420504 25999358
77811308 88772412
49200649 91040836
71412494 75711510
55413260 58496843
20734774 69752908
67565616 70906242
74433754 57845036
71761133 20345916
87636816 97974269
37198503 30624087
51845273 70989528
60296855 28742826
65006971 96891619
60047314 15670099
53746043 77079594
34479726 51446762
64669033 73155166
78766461 46309799
61341353 24206129
27290296 24432024
31041547 90106462
10151904 55552607
42306009 18289038
21198287 15207865
50748631 39381941
29720135 87779005
36985388 78917893
92848367 19042698
39885785 84666792
76304371 76520692
61266735 66789003
92082061 24142462
42709542 38921427
33309753 76555461
80296583 58496843
16585402 30295762
43968561 70906242
33938270 80577284
22836238 81473846
62306169 60058773
47321284 27330605
97107096 19949407
99686524 18113973
64258717 95952644
73500623 97962127
61242500 55169252
51127481 51245574
67893243 11452192
88845643 64475858
61207339 42010454
27053587 84193609
75207288 47669834
13413741 75080682
97657377 36024060
17413638 93942904
58403881 33457526
28365666 44525365
76564135 96303175
18724158 62358597
70393468 23157664
50257336 86789061
35438013 52803524
84600269 39063365
26041604 58258630
28217320 83754964
68604605 91021730
76855828 27307085
26068755 95869214
68078754 42801506
44097183 15275467
79716794 38653799
62850386 35405859
99124740 82999226
83385855 19169617
43282162 12163345
19221298 26051081
85764151 68502764
17239937 25698649
39871543 81229121
92301789 78474945
84651645 55169252
70079796 22382171
58895093 89850252
10062745 56945054
84651645 75308526
31292530 91532966
72587159 82240485
39849698 84366354
30229641 34787412
80899625 42928120
87633265 25876728
64349565 22355575
81694840 43203019
14074187 20144017
15193405 62975659
64498138 20511021
58674919 72191749
82030982 74424559
55454149 79980862
29612860 46017767
57919899 53585454
48415389 80995785
20522095 54042493
13813467 43551015
31175069 63824047
31180880 15980341
53702809 83622595
83799941 86959297
94327006 51882926
38545825 73506609
57962180 44586439
37876097 98765770
68806994 32432334
28314820 57410151
68500776 80465958
46092164 74554201
30873791 59405436
55625752 93236647
82616215 32348532
21403500 98765770
25670455 59996679
18869874 22688224
99554692 61463930
72919347 25457029
24062563 84922129
53841747 48361472
78547947 76015273
68999885 14274551
28875543 98310410
63651246 71734648
10976439 46212337
70658654 82265281
78946110 54597542
64303013 93068566
41870714 94645170
60240547 75061832
10069785 15207865
91146296 79299230
70688062 88011525
48748405 23547438
65769454 18680332
27950953 24320587
51618861 15914968
20842574 11980247
55810029 34745483
96284803 88609071
29613607 30579734
55197130 43282162
90085211 64380605
29257047 18869874
90219574 45682507
66148404 61693157
42228018 24813335
52591692 24876031
35825914 91405574
26068755 63008153
43408993 95401040
55493661 62904263
20828398 53751097
83789515 50358461
38516506 62636571
30660251 49361561
23736399 57913695
87263640 80646480
77949559 69312693
86795079 80666134
46072475 36777359
22835560 51571071
77847125 84259904
64614493 59559792
76267269 54103722
51174726 96969263
77847125 16621495
55654901 79508613
27101656 67418912
37853308 45682507
68676304 38408806
90503724 28513995
82363463 31162270
77140734 91405574
46011529 58846372
69521175 62447727
98692211 82107392
64304084 38798116
41321026 81483230
24080551 12553996
71422732 97652165
20977793 11903663
64001712 42248036
15897753 73386406
32753428 92247110
75997027 58622615
26301120 63330152
19885305 89462950
46794435 35841873
78238728 41103083
95456044 36760959
70024824 19973446
72675510 61766016
19847203 29141546
65006971 94258904
14194612 92375429
88687477 34896234
50921554 90920852
67751135 21638578
31552352 73993554
29587178 90545169
92927388 91389145
68983140 47609560
12365139 22446901
87733708 66320492
83745637 77079594
31552352 13261596
64670888 16415281
40152044 26331529
73773958 64023042
57060710 51987364
61439650 84305402
30579734 14046098
74554201 75928569
53841747 31569932
38712942 11694234
87668257 78167002
83179451 69630212
76175477 18808318
64258717 64752567
83255226 81881472
93691630 84305402
16148021 43188109
48178256 86398936
23252934 74936667
58339082 53910192
20217715 22829598
81389312 67771382
94002002 73663940
83372047 28946442
19837569 82908644
54425064 94327734
37319396 31382918
36695054 21317789
28463455 36413305
35127284 45419547
98526050 10490470
35841873 28746474
10237849 43981650
51919842 88166958
40816513 60732348
29066260 94002002
20217715 74431210
74632569 92644056
19827837 49846768
30879329 41375693
21407570 23307596
54157038 23719019
22017031 41914023
67665750 69275953
72643823 96303175
27291396 96338757
66633231 99623971
29449910 66977937
99629430 30683523
11274114 21082572
47069451 75673352
46390363 24080551
61015406 94461805
43821539 64857922
34837797 84449316
21403500 36283944
37233301 27733196
92314081 69200919
61745937 24271478
59112929 76007261
44331231 55915179
46402073 21581438
38598129 82650978
91197088 21846345
22921178 85081868
58053677 77377481
75244868 78915899
90417755 27258832
53298945 56793150
96969263 33536997
97181523 15532046
39337199 57069155
94309428 77200610
42744860 51791291
80724680 48425770
13068684 29131688
18398636 63466022
73540673 19927797
22044520 30478502
22988555 81798476
33441181 78339303
12659707 70940402
24824194 89462950
33797609 15670099
23851489 90902139
60455378 53364561
90106462 63613260
72629717 41064824
87053788 12263743
14236789 86607057
99182483 82265281
39676978 61463930
59421583 85023976
62951276 21640560
82006172 78628600
52349689 77923744
70505717 18816895
35716284 50031007
70045400 51591101
61693157 61588665
77287307 26759451
68466850 87633265
33247624 73524381
27165712 55874985
20226532 46101719
61439650 50362069
42014413 44467754
96993460 50479934
18802945 72845208
27101656 43323804
90069533 47721051
38319273 91619912
50022201 63175032
46615560 66677412
18999240 49681240
74553557 58410025
79495766 56577241
97610644 28742826
78761273 42806040
54884714 28478310
63225269 22427346
58846372 15226219
81088192 32242919
62670511 34570268
43285109 99604204
46593808 43332502
53030847 49031933
58496843 41870714
85042794 73116948
10795725 14868027
83000782 43968561
66543791 71966879
59448448 84056064
44130472 93317072
31927246 89076084
81428637 77174109
10547489 32124765
88804922 63003252
78492908 43776467
87024541 45691682
15442754 47999648
80159018 90902139
90085211 77287307
49007822 51032844
42730760 62327315
55097891 76853300
93156790 22890941
90080661 31818134
44367989 15670099
26041604 32861326
42849619 32276710
69752908 17982749
13124264 29305074
48762964 61745937
35479140 10412287
10703233 48152797
99053092 50167929
87633265 55874985
83064323 33540991
13390070 63249704
18330466 29612860
70393468 34291169
70834513 24610465
58923613 55478330
13759858 50406115
83452549 24613950
26975820 15275467
96469147 23503766
52441274 60296855
59018681 97974269
83789515 96309657
51578996 99089166
91209789 83930041
66637169 81473846
67578318 85229561
77972724 27053587
59682249 31432525
92432657 94002002
37376230 83385855
52446118 65465266
29315285 31707922
42806040 45644505
83810902 36777359
74933189 67497747
61407227 81505716
13317435 37641185
88548962 44200220
74893211 30162898
37641185 36777359
64001712 76006838
27973796 42248036
47693661 39878468
82787715 91256118
80507223 14274551
83506752 44467754
78554940 64784058
47780011 46309799
85018420 92104113
86881385 69391020
40399806 87777601
27285424 39215180
38376265 72458527
34773008 89987832
40684105 23736399
37525553 56689450
73456872 63418717
17838121 72921179
41083449 48798518
60732348 88575185
19375477 28622860
79936496 97416101
50147141 77523329
48670678 53928343
29794389 99310532
56913703 34352869
10965880 41586705
64471559 61341353
51350138 21775530
22366078 35689739
24346566 94187058
64498138 82474528
50147141 30221624
34567951 19414642
62975659 33360687
31286652 46150310
48281682 98684062
65058676 84176315
82265281 51638824
14255465 40609335
29612860 59857518
67465656 75753579
48797490 82884286
29257047 86957654
40760308 39724173
62964929 60896336
10188988 62306169
54968418 92926368
74553557 37641185
82030982 19277734
83115120 27973796
74811933 86490560
22427346 97107096
41424494 57109388
80385489 22843767
64784058 83055644
18961266 34481185
29128172 82147115
27307085 51694834
77086099 37007706
74761188 27965409
24271478 15585220
73540673 91567029
94261721 90481004
81378672 77949559
79255272 49805679
82802808 41640513
95836784 20419815
52185165 96264751
34773008 16992490
24978986 74889114
79762117 19625842
60763819 89859617
49361561 68999885
33360687 72536310
75818966 26424216
28505403 25702823
85175028 32720098
35438013 34035991
23102190 35488848
62145850 98897897
11571698 61263881
58231674 55017102
42292179 56801565
98779512 77206143
41754847 63651246
75542115 19042698
63613260 36583069
79508120 67086321
41103083 77608543
38288528 86179311
55616964 88701806
22503537 24016474
13380014 34035991
41754847 75317722
64593280 74751007
76278699 16969910
68287757 45994913
76453777 21063340
16518448 82616215
64288395 81389312
23480053 87898295
30100040 30477624
61439650 21517019
86293828 85110684
73786279 95898981
19625842 50212713
55179294 90528963
87453429 72458527
85312947 93366440
84121611 66896270
85229561 94727612
62712931 46150310
66255924 22666749
93579466 55028498
37929506 61704068
63008153 69584230
30595524 76608463
79980862 54539308
40340815 28875543
89001786 78810713
11337859 87451818
97181523 27291396
22198729 75539903
16050385 32722465
54182330 71169091
35127284 38460336
77736938 77200610
80995599 26742717
32264126 96429107
46160057 10188988
53959702 38114838
22890941 11968642
93305009 67682706
73017341 72536310
68500776 38798116
48559569 49688320
16796907 87024541
47934899 95591605
62327315 24080551
63772280 95407574
94976568 28006928
77987864 23102190
93156790 55454149
69671213 55932332
40623425 88166958
13551810 42767087
95898981 93649313
85823435 79840980
91114193 97575758
67946533 97652165
54347287 31228218
73254409 33380998
68765743 20731936
91420504 92264244
90711256 66226083
38980719 70681266
90417755 44177802
62763328 10872351
18811392 47609560
97334633 20356149
58974298 11031717
97652165 24975270
69148640 85814223
56458571 34205876
46603562 33579985
74553557 78839359
93700297 42306009
43313102 34494299
38545825 35684275
93272388 27520711
77174109 98354970
90902139 51640762
97974269 46615560
65046632 83129503
19393273 19287293
69305889 55388153
92211783 47428996
24983183 16413857
51987364 35185711
67576327 18808318
20860061 93798331
57010561 87263640
60508396 83912869
24155718 98309100
17413638 96288437
62882309 51862218
85614395 51575068
17661988 68146454
22829598 41914023
86562072 27307085
48966745 40684105
54774475 72387809
69677345 87863851
42292179 66320492
18146952 40110773
51638824 25167589
99809235 66511979
78895249 85927486
47687393 81659867
37128984 21763876
83147189 87261144
96969263 50358461
66637737 67799216
58543687 71734648
85438872 78895249
38493416 24871145
64685420 14684886
96616523 86146811
47687393 51638824
89987832 26125134
58919312 41217853
89001786 42512140
21658814 80494557
86277133 71454621
93027521 69403614
26838020 26301120
74989482 28589603
60033260 58587643
42407422 93293906
56541228 46160057
24594167 26041604
97787129 10132663
31475120 56034168
16345979 99962372
16231386 95098689
49132732 99609844
23849983 21775530
60296855 58916521
18999240 13825244
47687393 73647833
83906922 26146813
30584287 93305010
97413145 83170669
71967312 14770026
68676304 41198240
60152081 87451818
71203642 29185442
93518198 16306729
59154919 17413638
59412357 15094168
79830685 10893898
62581093 75928569
22017031 34742113
72191749 88827648
37459637 59338392
90801795 11321081
61268476 66778465
78045748 14337656
98784120 73247558
66251053 28126609
22666749 36685219
13124264 49688320
83731951 97673493
33717842 38441797
52124034 44766047
59385189 75837619
51009795 12904431
31978033 43778525
21508157 11968642
96900280 62387101
92927388 64784058
34292030 46149909
51009795 50212713
24983183 69200919
41492487 19715086
67946533 35684275
87393668 47297891
36131414 29314995
11031717 69590554
24460757 94125630
70211204 18113973
38117821 11694234
21063340 98807263
30664305 30477624
99809235 86303656
75220333 89984142
22528529 10001756
55219060 71048058
29752842 12122336
75132962 67086321
75244868 29147085
55179294 49940645
86681063 85303376
65467295 27291396
98137564 76128979
58259364 70905668
80469427 64669033
41319782 53841747
72254000 95125522
62200796 99525143
64198093 89362703
28006928 85244606
49391372 76391073
13261596 56804851
78680799 90801795
79759814 99977661
24173371 64303880
62994674 87084480
93025174 41856241
61329033 33280431
87572084 42506290
90760073 29146292
24353303 95098689
22462435 87585671
93670284 18289038
12587078 83688831
60896336 86513937
71169091 74324889
97013486 14603114
61948030 35154260
87726873 15275467
21556351 57042982
34787412 72643823
81816333 25267131
15207865 20226532
78481665 17827595
64549767 54425064
14937436 31993575
62951276 14109357
59402388 93192093
96666431 80507223
39919598 75366922
96815416 67348859
23790788 58275563
62865391 81725700
86793953 14989523
32509137 77081189
21368813 99686524
80065175 78761273
10482794 66669307
16908810 90458666
90084560 72254000
24629175 96511565
34773008 56815733
47283036 77093803
54179393 24042217
15618206 11069578
80708282 78167002
72051767 83179451
23623405 13660910
36069255 31490589
53847675 25943081
81627042 73473832
24248167 11960861
85438391 77373397
57467361 72263937
79284854 16873120
91592156 76148367
38622235 46267186
15775879 44569142
86513937 83906922
57903548 59836731
22355575 90021327
12208187 86303656
12814489 16320272
99525143 14517155
84921758 31792128
63329349 52301447
68627033 62509775
15238891 19949407
38523004 31228218
87156299 75326094
87814406 23790788
67893243 73470474
61329033 81197581
78542564 71454621
72536310 97652165
81904614 14937436
60152081 54501189
87040916 95952644
67678090 44312819
24522011 99654981
27101656 58534499
80419373 68297011
56793150 89859617
54490921 55454149
71809792 27165712
93676546 43463623
66893382 49805679
75945104 73786279
34971096 48826654
29480058 29613607
30024677 82616215
34481185 18330466
44130472 83179451
96824158 70289459
94727612 92554063
89462950 73993250
76763221 81428637
17827595 37376230
38757509 87517485
52707193 21517019
49894448 87593525
39297707 26252543
63063213 65880048
11968642 61288538
40073106 21023996
28289707 10624882
36947355 23719019
24839657 35899599
64303880 19837569
54409114 22921353
43379717 84751458
63249704 64498138
65140331 97061094
79879630 35973882
88549487 89498268
46271267 55896021
50178211 50358461
61288538 86795079
59685375 93700297
96142897 61078078
28505403 84216249
77865458 17304200
68965919 75190785
85823435 59706885
78045748 65769454
92739417 54265171
52686114 86959297
65666526 29873913
33887485 25447386
74553557 31707922
52512650 27944045
77974972 66401839
81524180 33247624
75696043 27285424
55427803 42709542
68965919 15019846
53691567 60906669
13469540 29128172
61028715 89517255
29066260 23547438
63753150 90751087
48030121 94609254
39669808 91873319
22462435 18330466
12365139 42682977
21763876 65190384
89076084 82995716
90751087 54867630
59065776 77387326
22080867 63172963
57109388 79066042
39421539 66977937
60288353 48966745
99949327 80507223
13924132 81607184
11241020 71403667
21521795 41586705
50147141 45035658
41947827 47598553
36947355 38102948
85614395 33079854
41586705 19414642
74349312 14236789
38474212 44010510
24984959 88601217
42384745 37376230
99392958 43408993
57244303 19277734
19135200 83879533
45117868 33380998
33278030 13860331
68334660 29350215
24080890 43490919
21238155 88967403
77974972 75673352
55169252 42928120
54634387 63318927
38653799 35718427
95898981 92522416
70013546 48415389
56141164 66893382
64847776 92648180
96846579 12664706
57448255 19542263
97185792 44079184
23931385 33036755
68249126 20731936
83816024 30070071
19506254 16908810
13161373 51214314
57962180 63253062
55810029 69692549
16919955 21059589
56062275 55179294
67086321 51395167
85419757 34742113
36220270 61723220
61462404 63023789
82019709 32490771
83738817 83527567
16907779 60288353
43517218 67100491
47129092 43536953
11903663 40254019
29768719 85309351
14220759 38922423
71114267 60335579
10823498 39821391
30818811 24613950
87863851 43490919
10069785 50051553
22401910 65636962
43018531 93057559
46212337 62515640
40254019 32221125
71027440 66597558
86324985 66226083
10976439 91925604
39276443 29948837
41947827 41366175
94237474 24759965
77061466 87449863
46271267 69436491
91619912 13649249
15755491 87521419
65018771 56065455
73254409 42490314
21638578 54598749
10069785 61823404
77865458 69212162
27931482 28598732
93486385 42248036
83540596 68026145
67089288 47043097
34570268 38921427
54265411 10391854
22446901 40028308
78074658 71503345
30057174 54490921
57915700 13508950
14481407 26162644
86669217 53018611
50842761 19272990
73888459 55567677
54490921 48152797
67529252 71481117
58674919 39849698
53164887 87529561
82250379 97893566
67570978 43352956
65824290 41914997
78454673 98758825
61888350 72564533
40699024 54103722
33717842 64453312
22427346 31102104
38538794 63629385
98309844 13397248
26403347 93870198
33280431 58537655
87040916 47069451
38190691 29315285
46402073 94261721
19287293 64037752
14109357 78915899
16918440 79052748
77523329 48249045
32159459 98270033
63175032 41947827
36282972 75643277
23931385 84620913
12566311 50226557
93106816 76399696
34896234 57915700
94751530 23478896
31286652 42994448
44459873 72745665
59281145 73216720
17478906 24984959
70948404 79299230
67882780 90908680
70834513 62447727
50544978 51613700
62200796 84238040
36483208 75837619
36338698 14651370
43505295 71203642
97686214 53702809
60457070 11050480
60625812 30830338
79924743 85733826
87492404 39779686
41319782 16065966
18271254 94609254
39053896 43137368
36251879 15779294
35396218 79093216
77976451 74055259
64990832 52388662
21317789 72766621
77287307 26502961
44586439 98811593
75743948 64380605
59685375 83603450
14681803 53062819
19715086 80296583
90092066 22693034
16898611 26051081
86619851 65678114
71404760 96861164
16515826 68772896
76003146 24271478
58882788 34968879
23157664 20065382
35863567 87985236
92644985 65078382
16849797 97486983
39369971 30584287
70568936 59837556
65896175 83481746
82151204 90973416
92739417 34931135
91256118 50631464
37007706 80477857
13293077 70761781
26546501 45907386
89984142 25736583
33368825 42670712
70707752 16942663
77811308 40626966
51661197 77084481
26938158 76453777
80926888 42116089
74433754 90929054
53926050 20433239
74503135 65169104
90873188 30112316
13206332 97103906
73206901 68965919
83506752 13622127
76024840 70948404
66832932 28278879
94659006 63139025
81027263 92479365
11945104 49339142
94182877 37313532
36006476 61565804
55736958 89503262
77061466 11304225
33441181 97274411
57967940 57289790
56577241 39760592
70856339 91592156
23600740 92146939
45171908 87407128
62636571 72806841
67529252 72957608
59944674 34561657
44407761 49467742
61656115 50006095
94261721 10515809
99716429 85464736
69521175 54059638
48505565 51039637
57120358 71829638
44097183 75160429
58054089 16109304
50641084 28505403
34371713 82854462
21846345 31308346
29940886 53761037
32525270 83255226
61793124 70177221
55079654 24748141
22044520 52301447
11708449 96284137
39176999 37257347
61745937 87283938
62401116 74471494
40073106 49079540
43494021 21024728
85996195 22547115
58354133 56402092
41548195 46966400
60906669 13293077
23719019 50051553
37908579 95897908
80477857 60854435
49031933 19837569
41319782 44658586
96900280 88464331
68492221 87521419
11657159 99223733
15532046 58986608
13111303 57040699
30254246 28188763
14681803 69816865
61720269 70761781
45976686 44841534
23650675 44880645
71391796 17275505
60522222 35818073
41004334 14829327
54867630 53443946
37257347 15532046
44766047 98972586
90920852 52707193
48361472 53114104
42879000 95415882
85971432 68812350
85438872 55019609
75133190 70393468
77923744 69312693
39669808 14915533
31286652 76619262
38007955 24629175
81378672 55490245
31580437 16793472
65907099 46149909
38365805 16148021
67803494 47669834
82802808 24740517
22503537 68617096
81197581 24731065
95233815 83043204
21617573 95125522
95856725 82107392
75303914 87811998
43490919 84751458
60508396 22936155
51156851 35854743
41503282 95333544
82490198 53926050
37590060 84812104
34561657 90388004
20144017 41125792
21775530 56999141
68481988 66462630
11119216 99632525
39902100 16095621
92267092 18811392
87143546 89984142
81627042 86611199
11581330 45742041
88920680 54243724
83920334 88192021
36069255 81183496
58446425 16123896
60257140 72442458
82006346 65769454
27645991 54042493
69421724 86088665
51613700 40759974
81881472 57012277
35168446 74094812
28180140 89738081
83170669 10412287
49894448 22693034
49438755 38516506
53306981 56985167
24347157 39682656
90261403 74691670
36915910 64920084
40433808 94553808
24629175 89612053
53910228 63109678
90920852 97610644
89609963 71734648
42744860 12717454
47414417 52350788
77084481 70340931
64002411 44010510
91011787 61793124
35881275 53030847
75862776 62250282
36979474 86484244
91328267 30070071
52301447 82916656
87561119 47731323
79208616 84408653
88661074 53153869
21776547 81844831
28876741 34035991
88334274 99716429
96636853 71340529
58179555 27733196
67570978 84994164
83147189 53725408
13491683 43137368
57830384 76750316
68856522 47145585
43124337 71836302
47646762 26671496
13649392 56731423
20245604 39840884
56770720 70853074
27520711 59146528
40445549 58997751
68698989 14644052
76975180 37583884
25439379 75310961
75145482 21054430
43199016 44459625
63777140 54625358
63824047 91323944
51298066 94829019
41870714 22592700
95629174 71773858
74751007 94826485
12809437 34746289
10177099 22244171
89850252 57410151
11445008 24728034
78698716 14659048
94092944 94726157
22014195 96367958
23305144 37929506
26546501 82421522
40028308 54472280
73386406 29911024
74534968 24347157
20764480 70853074
62170751 57919899
21133830 11406331
84316839 56577241
20202791 87156299
66063309 17622864
31569932 51535030
52283737 38598129
86533131 59850016
44200220 29471923
20382981 47526817
33717842 44975666
24629175 15497803
43483855 66513698
55524176 32101925
37017838 58429696
63417017 79019691
40247933 60033260
91981106 31957389
55493661 70642832
91681300 75045201
75703572 80159018
94184091 73386406
73216720 18403220
44249862 36602182
72234667 63437737
23886827 22889824
28423844 83683274
76735691 87459307
60296855 57967940
52890461 95098689
50544978 32258654
60335579 32770050
10747262 27931231
21776040 70068753
86146811 50921112
23886827 47948701
24175437 99556792
34016363 76664728
72937624 83069673
89517255 27931482
65772478 81169758
32902965 74893211
93337686 25569149
48054910 15452930
43000055 38367589
15327912 31041547
58482033 34354992
92999720 93057559
98990166 33079854
71298182 52443794
42670712 55616964
71767117 35973882
33717842 19490900
26336179 32258654
68772896 37319396
16191327 44187083
68964770 93068566
98683223 68812350
71378576 66661382
93364317 16145636
71573700 93525009
81483230 56515444
16942663 32722465
46714975 90281287
35474911 57158827
16080130 22680394
19812414 92673457
45433769 17622864
54059638 16191327
12235653 43137368
24728034 58643709
83572879 15697573
11001763 95728450
53926050 39150449
83791597 26254710
81554078 60168609
21775530 69823081
15175024 76570249
56747655 87385199
92445247 23405114
21846345 29165357
72845208 34567951
94877924 86362178
12957542 33457526
71492003 16349283
14700852 94151557
82168463 95064595
63753150 30969816
10851787 57120358
14527759 57657860
83069673 68269918
29873913 98548150
74907236 13649249
72537952 59427872
13952533 79830685
19221298 85309351
73731860 54728007
34562599 25257029
18731465 55019609
28370401 96902176
26041604 99912653
28915154 90882423
97644319 79879501
22427346 58810798
10545371 89362703
47898792 47721051
56968212 28188763
35447386 38868241
16305776 73386406
91485001 34561657
86619851 53484485
90908680 23563683
72320416 18159540
16320272 37998765
47560363 15897753
65578234 46977166
83506752 59214377
10789974 24728034
52550010 98745998
88426455 22244171
66778465 36315253
18818379 94281132
37305136 48798518
53570622 74055259
47930944 60008664
94333221 96931103
48077261 81169758
72564533 46101719
42228018 73928417
80169327 59205447
80169327 57350903
57132362 13193535
43782373 98972586
79788749 23757257
96284137 86959297
41171920 97079423
52493953 14915533
29066260 14236789
65881461 29606732
26742717 95813393
13030312 58403881
14581947 25647162
59146528 42744860
63275614 76073082
41171920 18818379
57100884 72320416
90794065 52349689
15980341 23574009
28370401 16882490
70240640 86146811
45742041 37998765
20522095 52984366
41171920 12157641
43352956 72070929
28622860 77206143
45029290 39669808
71189883 82630891
66669307 44370247
85541361 30664549
14680742 87230235
15747154 44311554
27559981 63417017
56965454 67856916
55616964 76094117
15497803 47526817
77879319 65841354
22294414 80708282
55019609 52934659
44467754 54867630
64315143 12776816
43626413 64397906
76168090 10465861
76627766 18292290
20828398 43782373
46582551 53443946
62863408 86991751
88701806 21024728
60418757 28946442
63054361 81508381
86611199 41940472
32793995 23997678
77865458 85680270
99191561 94877924
76664728 56748919
80159018 32258654
36467389 44311554
55582575 43782373
69264950 35313603
39381941 62783210
92814854 27463448
63753150 93638493
13293077 36979474
17940202 24740824
70240640 73161009
86446443 73649942
12157641 13193535
15019030 47934899
83540596 99895193
43352956 82151204
15885596 26742717
83683274 51366249
15431807 50748631
58482033 33717842
31279481 89146102
50748631 37908579
65169104 89933841
53165831 21335196
81863309 53300395
26463854 52627833
87053788 49777230
81292122 66669307
56965454 22005403
42312330 80642952
55314204 41125792
25434063 11905157
65665919 45325285
77304491 36868994
68143040 27605913
32584576 68978425
68078754 68287757
24594167 90384186
25349114 22936155
28147289 22503537
36056474 91619912
87053788 11133460
26041604 47071358
51654150 22796062
17397417 80814136
36583069 60605044
42964717 23405114
32022702 31490589
20494136 92673457
22017069 44766047
61948030 83141049
44351249 68334660
60882707 31357904
66099435 62329712
47802221 46927225
76708111 27422843
29794389 83499144
15697573 62195368
39524287 87946292
14484236 90908680
69733416 90084560
50951105 96264751
64201154 79857262
63129128 71153284
59338392 11493237
38408806 42849619
10201415 36484171
24522011 15036310
62863408 93068566
87381146 24813335
53300395 45127427
60767695 60089961
66009161 79075572
87261144 55165145
68329747 44184837
16605834 40541614
33627507 74057550
19375477 10248986
26175022 27520711
74714063 30442130
72998389 63629385
10976439 92287082
81391379 94576987
94744193 81027263
96264751 83080717
44509479 31818134
16191327 89114603
48117961 90846493
80023692 78482806
79035513 96402096
58980436 24613950
47019120 91578579
60058723 99962372
13857629 60047314
86892748 54088093
17304200 28288672
52392945 52686114
40686358 66148404
67693445 47630268
59837556 28594108
92744541 35663794
86094161 97107096
29196245 52565669
28598732 25842773
68329747 74369916
59563704 99644575
40445374 43199016
85464736 71492003
71761133 78998191
73204409 51636367
44883704 64256601
73773958 83683274
31673897 51575068
88254221 74751007
60882707 86088665
48054910 37986435
52591692 31673897
27605913 19499016
91311572 90504349
10508933 34974393
69823081 33079854
78603619 76130490
63039252 27325922
94806042 26546501
43000055 99231536
21528237 53250450
90281287 16323198
67051149 32348224
36484171 84959008
47930944 24863428
44726133 31490589
88000121 86130952
49217753 51307731
87597268 94153385
37986435 22077004
15741913 21528237
87685196 97722016
73703880 99387639
98799957 41591690
87407128 83333500
60008664 90528963
41375693 65874362
55736958 86243886
88443622 84620913
70083735 87569814
59815825 42848900
85413516 99053092
91571765 22846682
46714975 21281132
48747167 29027245
94579612 90294127
65880642 10823498
12525522 69421724
24447908 68251906
12958278 32720098
62828704 23610879
60047314 71836302
13240620 96203121
94092944 67454951
43981650 54297390
97895917 73557940
79759814 96060123
91911106 74954932
49369386 20764480
94309428 86173431
68175333 82991079
43124337 17019105
75802104 68249126
36413305 52985857
46082402 38726969
52070022 66150976
42656744 66710344
83147189 83422488
81673296 65582323
76279688 12249394
29404708 50617482
89721825 10729264
51349322 47999648
29817945 44200220
28006928 70611279
46626158 60335579
71114267 19703782
44251014 59305574
57158827 15171292
98765770 29940886
50347864 87750111
81670526 37133838
29873913 18816895
42535834 87885166
32196004 54094424
23480053 60544086
42964717 69421724
96106497 76708111
87569814 46212337
17397417 90388004
34095046 12415555
97644319 59618138
60342388 66168360
28068691 91658126
31162270 12613813
19949407 37652644
86094161 14989571
64670888 77230831
43569228 32101925
59836731 31490589
62266807 91117520
80996806 43124337
54830737 88090215
47414417 88090215
11960861 28915154
59173851 92247110
83227125 68164034
27720658 38567986
95926679 65874362
33013968 38975889
27005472 96203121
35508365 78538534
43479974 94898155
30595524 72209824
81337889 22965510
45362420 96278491
63225269 55866412
93305940 59875486
64222405 19703782
11304846 48956916
56852755 81083121
44700482 27241975
62737454 81391379
68559726 53841701
92617688 19999725
51790393 24839657
27008696 48358466
75636627 68481988
29327419 32730611
31649791 10823498
10121044 57832402
99458485 98758825
77182220 35767773
71891077 14030153
65881461 32720098
26309939 67389133
77300494 14010201
45433769 54446452
46626158 60033260
56148620 48572154
89811924 33800815
48652175 98840749
93548720 20815936
48088038 91925604
65302046 12942713
22294414 81794798
94726157 97954292
93228158 36695054
28679450 65335801
81529405 14684886
44402311 51244306
80201343 64670888
60342388 24254784
52686114 14700852
74954932 61608379
14401140 70853074
82155632 29471923
87926468 30504794
79936496 93913529
41896383 12249394
94972765 68136126
54560456 67331137
19999725 50289993
75310098 50289993
26240362 99686321
68249126 55524176
36695054 17092431
19440067 41229449
62737454 18573745
68143040 24740824
86648852 28523401
53300395 69334184
60335579 65335801
30571132 38969295
75238384 77206143
78088300 77619628
14993990 88533323
60008664 68414478
36413305 73557940
45493145 75631672
54735177 19440067
57017229 86619851
93034109 46714975
92784037 86625877
43483855 63456407
43819832 41678923
64234180 95806707
41414983 19499016
24683193 59836731
12679682 92784037
76285038 62052538
88192021 92445247
46695929 53987118
54297390 73210166
73405011 29882387
30769161 73731860
17711850 37652644
28819460 86669217
62515640 44459873
25054338 43203019
63924609 26472445
61964453 25764630
96395413 34753631
56852755 91534863
52868976 35772529
21236983 74110271
13041549 53847675
20489780 93337686
71773858 59084485
11986476 85042794
43463623 79978491
53725427 12446680
12956026 63701791
75802104 19499016
80996806 34037718
60047314 53959702
59338392 91022730
24642675 41083449
17546789 52686114
10548532 61015406
29131688 50635751
59306705 23043481
75310098 90408890
86047181 15442754
97416101 70083735
77931786 79419091
58810798 17341803
66462630 62052538
40145169 87926468
58738944 28940811
53847675 14700715
57130450 10313382
62474187 60008664
22895096 95064595
80289309 75636627
74632569 18938765
43927278 31075563
82883076 30595524
81890171 83422488
42236295 76255686
95434827 46693018
83707456 74057550
71761075 41539258
23722433 89738081
59451408 12575337
29327419 34371713
37380528 57657860
70860944 74632569
48856626 86130952
91722638 83707456
11133460 66274951
66183345 27931482
36401398 86669217
32449416 67942474
53062819 80702785
80201343 51154117
28006928 92247110
68330886 77879319
87885166 35508365
43924136 11698645
97016006 64527151
33966217 36006476
20520611 86737625
52550010 93025174
34673116 60834521
78584642 81008016
42924106 82745227
46082402 26222297
33797609 46280921
87772057 49111662
35767773 24522011
99077582 59860026
98026174 66637737
80343339 68924244
31357904 79508192
10465861 92319904
18371831 41255481
86534820 89974860
52985857 89811924
40683360 18573745
91040836 13512298
60029977 51421568
65257094 33260390
61565804 32599522
92148625 45799306
19375477 48876850
49439436 23480053
90964219 46927225
42535834 96264751
11304846 56991395
91658126 58738944
40445374 62438202
87768970 99883758
77964210 96688630
63971073 20345916
26539643 83799941
74057550 29008949
10625138 49217753
41229449 76278699
55505809 23600740
92146939 65137051
38158585 97954292
49439436 81228902
53300395 79291136
78454673 23008144
77920046 82812506
65874362 87928799
56582265 25511877
83572879 33036755
62684046 11636547
36251879 79253488
62693493 48944126
16972868 57158827
78088300 43060142
82430364 84091526
78681703 39871543
25608627 44472293
53909128 99740614
57010561 11913494
15451333 11727136
81169758 35565211
51349322 19348893
65907041 78681703
11179123 32793995
75167271 14257981
47646762 29404708
84438384 80642952
20345916 45105051
22366078 96278491
15171292 74801404
76110508 47646762
92104113 72379147
75031980 24436579
92342567 26644291
55912536 89738081
75563345 17038106
62828704 39388834
36251879 64231832
48995038 36933148
20345916 15569552
88533323 20842574
28523401 85925192
34974393 26789862
35899868 98340365
35663794 41773365
22208466 11636547
91294262 53841701
22056419 68315440
52323152 77789244
56577119 76807326
89381359 15779294
61848477 92203761
62933469 59457643
91334758 47646762
41773365 31640981
81229121 47572752
77661313 27325922
94911629 34753631
12415555 38313020
80343339 62973341
78978418 36251879
80749393 57012485
63456407 70951750
55015918 38493933
47797681 71891077
92289324 68880750
61848477 62114289
26925184 85018420
25097446 29008949
63054361 13860331
70381527 39821391
14758060 50171599
74662445 96375236
25826571 46693018
59402388 59641096
35474911 59457643
72948236 34974393
36567848 23294729
63039252 71485408
50885966 51784881
62727215 82363463
84262667 89721825
27845858 60631900
25764630 82812506
87685196 66673800
68244907 19666033
43483855 63770095
94708575 67122802
26986757 93025174
27325922 68559726
61293407 21236983
95518191 80749393
33871186 25803961
26111347 82854462
41042474 72789051
47397264 58115612
78300703 10465861
23722433 25608627
12127947 39470754
16460439 51032844
18964907 80724680
50417814 45328257
18341206 94092944
95499855 21562308
45375274 59860026
41773365 41884341
61171458 83572879
50617482 10823498
12903746 16229125
47528234 36339891
61288613 94059701
45328257 63770095
51229254 48264120
65724134 54304979
76074978 94726157
83508881 52323152
66673800 56031679
38780079 47797681
52426424 54116557
57010561 72789051
38313020 56574051
92648180 24559851
13068684 55503380
48846272 10344383
75563345 73339371
96395413 59860026
15779294 63949188
38493933 30594511
67122802 88369304
29327419 67476750
92342567 53250450
94712344 72184476
51156851 56073987
58905516 74057550
36751646 78886860
74110271 51156851
83258589 59129568
90944359 63971073
62973341 55273776
71737589 22615153
52323152 75521664
56574051 12741532
30709035 80343339
95705654 88448058
71137451 32730611
12407611 90505550
12741532 13271900
91334758 66732388
41042474 30594511
54984051 77619628
82854462 50086652
89697745 63102586
78799757 40925635
13676734 81232778
36868994 26925184
56031679 59372163
48425770 75921706
30709035 34371713
38493933 24043023
71485408 58882788
10359670 91722638
63674955 65507341
78978418 56867747
40010681 93153854
41822349 98340365
78046999 43778525
89738081 90505550
50631472 21335196
81417137 78418076
44329498 94092944
67800040 23931385
26280984 58905516
11944355 56867747
44086045 48846272
14260962 12911151
89109507 60257140
15708684 75167271
98340365 67931041
88443622 98774717
94217421 32023405
29631242 65578234
29612708 59110977
70381527 50819005
47797681 47783330
48530367 29131688
83200555 38975889
94563324 74714063
28202817 45328257
51229254 95410686
27077468 12407611
70582758 63887468
81232778 25164622
83707456 31978033
12903746 77587797
26472445 91926973
34968879 90052229
22743248 17163150
39386128 96278491
48530367 13521094
61288613 50664526
69131384 39386128
55757829 91446395
29404708 80102794
40460617 39841669
81417137 12348403
13521094 72992558
38861111 60621868
15023836 23919437
60844691 54588057
95424235 80761346
99584415 23997487
24732764 32023405
12932075 77265807
53250450 45001558
34974393 15449132
82205167 74440444
69131384 82017341
67052736 92887548
15670099 24802817
79495766 62838695
49681240 95803063
49681240 12803693
79495766 79751807
79495766 72803359
57040699 35544056
79495766 22244884
15670099 21113314
57040699 91010315